EXPLAIN
TAG	GALVEIS
TITLE	LABEL	Galvanostatic EIS	Test &Identifier
DATE	LABEL	12-12-2022	Date
TIME	LABEL	11:23:19	Time
NOTES	NOTES	1	&Notes...
	
PSTAT	PSTAT	REF3000-20110	Potentiostat
IDCREQ	QUANT	0.00000E+000	DC &Current (A)
FREQINIT	QUANT	1.00000E+006	Initial Fre&q. (Hz)
FREQFINAL	QUANT	1.00000E-001	Final Fre&q. (Hz)
PTSPERDEC	QUANT	5.00000E+000	Points/&decade
IACREQ	QUANT	1.00000E-004	AC &Current (A rms)
AREA	QUANT	1.00000E+000	&Area (cm^2)
CONDIT	TWOPARAM	F	1.50000E+001	0.00000E+000	Conditionin&g	Time(s)	E(V)
DELAY	TWOPARAM	T	1.00000E+002	0.00000E+000	Init. De&lay	Time(s)	Stab.(mV/s)
SPEED	SELECTOR	1	&Optimize for:
THD	SELECTOR	0	T&HD
DRIFTCOR	SELECTOR	0	&Drift Correction
ZGUESS	QUANT	5.00000E+002	E&stimated Z (ohms)
OCVCURVE	TABLE	400
	Pt	T	Vf	Vm	Ach	Over	Temp
	#	s	V vs. Ref.	V	V	bits	deg C
	0	0.25	2.97158E-002	2.97158E-002	3.27676E-004	...........	-327.63
	1	0.5	2.97013E-002	2.89561E-002	2.42210E-004	...........	-327.63
	2	0.75	2.96400E-002	2.96948E-002	3.32543E-004	...........	-327.63
	3	1	2.95316E-002	2.89506E-002	2.41810E-004	...........	-327.63
	4	1.25	2.94236E-002	2.96873E-002	3.25143E-004	...........	-327.63
	5	1.5	2.93536E-002	2.89290E-002	2.38676E-004	...........	-327.63
	6	1.75	2.93203E-002	2.96499E-002	3.32276E-004	...........	-327.63
	7	2	2.93056E-002	2.89059E-002	2.47076E-004	...........	-327.63
	8	2.25	2.92958E-002	2.96429E-002	3.35876E-004	...........	-327.63
	9	2.5	2.92867E-002	2.88979E-002	2.48410E-004	...........	-327.63
	10	2.75	2.92793E-002	2.96524E-002	3.29943E-004	...........	-327.63
	11	3	2.92752E-002	2.89095E-002	2.39876E-004	...........	-327.63
	12	3.25	2.92752E-002	2.96758E-002	3.34876E-004	...........	-327.63
	13	3.5	2.92795E-002	2.89337E-002	2.39610E-004	...........	-327.63
	14	3.75	2.92875E-002	2.97058E-002	3.36876E-004	...........	-327.63
	15	4	2.92983E-002	2.89532E-002	2.40476E-004	...........	-327.63
	16	4.25	2.93097E-002	2.96876E-002	3.35876E-004	...........	-327.63
	17	4.5	2.93178E-002	2.89368E-002	2.48543E-004	...........	-327.63
	18	4.75	2.93208E-002	2.97188E-002	3.33210E-004	...........	-327.63
	19	5	2.93218E-002	2.89576E-002	2.39076E-004	...........	-327.63
	20	5.25	2.93250E-002	2.97303E-002	3.35343E-004	...........	-327.63
	21	5.5	2.93321E-002	2.90114E-002	2.41810E-004	...........	-327.63
	22	5.75	2.93437E-002	2.97826E-002	3.28876E-004	...........	-327.63
	23	6	2.93601E-002	2.90326E-002	2.48410E-004	...........	-327.63
	24	6.25	2.93787E-002	2.97900E-002	3.34410E-004	...........	-327.63
	25	6.5	2.93953E-002	2.90640E-002	2.44743E-004	...........	-327.63
	26	6.75	2.94087E-002	2.98205E-002	3.36810E-004	...........	-327.63
	27	7	2.94211E-002	2.90887E-002	2.41476E-004	...........	-327.63
	28	7.25	2.94344E-002	2.98818E-002	3.36410E-004	...........	-327.63
	29	7.5	2.94508E-002	2.91368E-002	2.39010E-004	...........	-327.63
	30	7.75	2.94703E-002	2.98877E-002	3.32743E-004	...........	-327.63
	31	8	2.94899E-002	2.91748E-002	2.50610E-004	...........	-327.63
	32	8.25	2.95074E-002	2.99247E-002	3.32876E-004	...........	-327.63
	33	8.5	2.95229E-002	2.91787E-002	2.45476E-004	...........	-327.63
	34	8.75	2.95362E-002	2.99247E-002	3.32010E-004	...........	-327.63
	35	9	2.95454E-002	2.91783E-002	2.41676E-004	...........	-327.63
	36	9.25	2.95501E-002	2.99215E-002	3.32810E-004	...........	-327.63
	37	9.5	2.95514E-002	2.91727E-002	2.48610E-004	...........	-327.63
	38	9.75	2.95509E-002	2.99291E-002	3.32876E-004	...........	-327.63
	39	10	2.95500E-002	2.91709E-002	2.44143E-004	...........	-327.63
	40	10.25	2.95495E-002	2.99198E-002	3.27743E-004	...........	-327.63
	41	10.5	2.95489E-002	2.91749E-002	2.38610E-004	...........	-327.63
	42	10.75	2.95484E-002	2.99360E-002	3.28743E-004	...........	-327.63
	43	11	2.95491E-002	2.91756E-002	2.43476E-004	...........	-327.63
	44	11.25	2.95515E-002	2.99518E-002	3.33410E-004	...........	-327.63
	45	11.5	2.95556E-002	2.92011E-002	2.37876E-004	...........	-327.63
	46	11.75	2.95617E-002	2.99701E-002	3.27010E-004	...........	-327.63
	47	12	2.95697E-002	2.92025E-002	2.37543E-004	...........	-327.63
	48	12.25	2.95778E-002	2.99916E-002	3.32610E-004	...........	-327.63
	49	12.5	2.95852E-002	2.92130E-002	2.39410E-004	...........	-327.63
	50	12.75	2.95917E-002	2.99903E-002	3.23810E-004	...........	-327.63
	51	13	2.95972E-002	2.92256E-002	2.40676E-004	...........	-327.63
	52	13.25	2.96009E-002	2.99637E-002	3.25410E-004	...........	-327.63
	53	13.5	2.96032E-002	2.92924E-002	2.35876E-004	...........	-327.63
	54	13.75	2.96094E-002	3.00967E-002	3.31876E-004	...........	-327.63
	55	14	2.96391E-002	2.99347E-002	2.42143E-004	...........	-327.63
	56	14.25	2.97221E-002	3.03930E-002	3.37943E-004	...........	-327.63
	57	14.5	2.98526E-002	2.95920E-002	2.45476E-004	...........	-327.63
	58	14.75	2.99661E-002	3.02614E-002	3.26810E-004	...........	-327.63
	59	15	3.00069E-002	2.94955E-002	2.39610E-004	...........	-327.63
	60	15.25	2.99799E-002	3.00927E-002	3.30676E-004	...........	-327.63
	61	15.5	2.99143E-002	2.91675E-002	2.43543E-004	...........	-327.63
	62	15.75	2.98254E-002	2.99493E-002	3.18276E-004	...........	-327.63
	63	16	2.97286E-002	2.92873E-002	2.41010E-004	...........	-327.63
	64	16.25	2.96596E-002	3.03148E-002	3.29810E-004	...........	-327.63
	65	16.5	2.96564E-002	2.95506E-002	2.39410E-004	...........	-327.63
	66	16.75	2.97185E-002	3.01987E-002	3.30210E-004	...........	-327.63
	67	17	2.97995E-002	2.95247E-002	2.44210E-004	...........	-327.63
	68	17.25	2.98526E-002	3.01575E-002	3.28210E-004	...........	-327.63
	69	17.5	2.98676E-002	2.95100E-002	2.39410E-004	...........	-327.63
	70	17.75	2.98601E-002	3.01488E-002	3.25410E-004	...........	-327.63
	71	18	2.98468E-002	2.95132E-002	2.42476E-004	...........	-327.63
	72	18.25	2.98362E-002	3.01213E-002	3.28810E-004	...........	-327.63
	73	18.5	2.98287E-002	2.94913E-002	2.34010E-004	...........	-327.63
	74	18.75	2.98210E-002	3.00882E-002	3.28410E-004	...........	-327.63
	75	19	2.98116E-002	2.94994E-002	2.43410E-004	...........	-327.63
	76	19.25	2.98023E-002	3.00720E-002	3.30410E-004	...........	-327.63
	77	19.5	2.97950E-002	2.95065E-002	2.38143E-004	...........	-327.63
	78	19.75	2.97903E-002	3.00508E-002	3.28543E-004	...........	-327.63
	79	20	2.97870E-002	2.95186E-002	2.34810E-004	...........	-327.63
	80	20.25	2.97844E-002	3.00356E-002	3.20276E-004	...........	-327.63
	81	20.5	2.97827E-002	2.95428E-002	2.40676E-004	...........	-327.63
	82	20.75	2.97821E-002	3.00103E-002	3.26610E-004	...........	-327.63
	83	21	2.97822E-002	2.95625E-002	2.38676E-004	...........	-327.63
	84	21.25	2.97821E-002	2.99896E-002	3.29276E-004	...........	-327.63
	85	21.5	2.97819E-002	2.95847E-002	1.28810E-004	...........	-327.63
	86	21.75	2.97816E-002	2.99691E-002	8.06098E-005	...........	-327.63
	87	22	2.97817E-002	2.96081E-002	7.84098E-005	...........	-327.63
	88	22.25	2.97821E-002	2.99502E-002	8.02098E-005	...........	-327.63
	89	22.5	2.97828E-002	2.96291E-002	7.68764E-005	...........	-327.63
	90	22.75	2.97830E-002	2.99008E-002	8.04764E-005	...........	-327.63
	91	23	2.97808E-002	2.96280E-002	8.17431E-005	...........	-327.63
	92	23.25	2.97744E-002	2.98313E-002	7.96098E-005	...........	-327.63
	93	23.5	2.97632E-002	2.96275E-002	7.85431E-005	...........	-327.63
	94	23.75	2.97484E-002	2.97719E-002	7.62764E-005	...........	-327.63
	95	24	2.97324E-002	2.96318E-002	7.80097E-005	...........	-327.63
	96	24.25	2.97174E-002	2.97413E-002	8.01431E-005	...........	-327.63
	97	24.5	2.97056E-002	2.96678E-002	7.81431E-005	...........	-327.63
	98	24.75	2.96990E-002	2.97323E-002	7.98764E-005	...........	-327.63
	99	25	2.96985E-002	2.97191E-002	8.02764E-005	...........	-327.63
	100	25.25	2.97034E-002	2.97205E-002	8.06098E-005	...........	-327.63
	101	25.5	2.97116E-002	2.97675E-002	7.90097E-005	...........	-327.63
	102	25.75	2.97209E-002	2.96988E-002	7.98764E-005	...........	-327.63
	103	26	2.97295E-002	2.97972E-002	7.92764E-005	...........	-327.63
	104	26.25	2.97357E-002	2.96677E-002	8.06764E-005	...........	-327.63
	105	26.5	2.97389E-002	2.98219E-002	8.18097E-005	...........	-327.63
	106	26.75	2.97398E-002	2.96412E-002	7.76098E-005	...........	-327.63
	107	27	2.97394E-002	2.98500E-002	7.92097E-005	...........	-327.63
	108	27.25	2.97388E-002	2.96106E-002	8.16764E-005	...........	-327.63
	109	27.5	2.97382E-002	2.98721E-002	8.25431E-005	...........	-327.63
	110	27.75	2.97371E-002	2.95710E-002	8.24098E-005	...........	-327.63
	111	28	2.97351E-002	2.99035E-002	8.22764E-005	...........	-327.63
	112	28.25	2.97331E-002	2.95644E-002	7.99431E-005	...........	-327.63
	113	28.5	2.97337E-002	2.99624E-002	8.25431E-005	...........	-327.63
	114	28.75	2.97396E-002	2.95990E-002	8.41431E-005	...........	-327.63
	115	29	2.97527E-002	3.00381E-002	7.72097E-005	...........	-327.63
	116	29.25	2.97724E-002	2.96214E-002	7.99431E-005	...........	-327.63
	117	29.5	2.97955E-002	3.00833E-002	8.22097E-005	...........	-327.63
	118	29.75	2.98176E-002	2.96119E-002	8.36097E-005	...........	-327.63
	119	30	2.98350E-002	3.01122E-002	7.82097E-005	...........	-327.63
	120	30.25	2.98467E-002	2.95932E-002	7.54097E-005	...........	-327.63
	121	30.5	2.98535E-002	3.01386E-002	7.75431E-005	...........	-327.63
	122	30.75	2.98574E-002	2.95846E-002	8.03431E-005	...........	-327.63
	123	31	2.98605E-002	3.01632E-002	7.96764E-005	...........	-327.63
	124	31.25	2.98637E-002	2.95732E-002	7.94764E-005	...........	-327.63
	125	31.5	2.98669E-002	3.01716E-002	7.87431E-005	...........	-327.63
	126	31.75	2.98690E-002	2.95587E-002	7.64764E-005	...........	-327.63
	127	32	2.98696E-002	3.01792E-002	7.68764E-005	...........	-327.63
	128	32.25	2.98687E-002	2.95402E-002	7.57431E-005	...........	-327.63
	129	32.5	2.98669E-002	3.01848E-002	8.32098E-005	...........	-327.63
	130	32.75	2.98644E-002	2.95269E-002	7.84764E-005	...........	-327.63
	131	33	2.98617E-002	3.01824E-002	7.93431E-005	...........	-327.63
	132	33.25	2.98586E-002	2.95033E-002	7.48098E-005	...........	-327.63
	133	33.5	2.98542E-002	3.01748E-002	8.12098E-005	...........	-327.63
	134	33.75	2.98485E-002	2.94808E-002	7.75431E-005	...........	-327.63
	135	34	2.98415E-002	3.01636E-002	8.32764E-005	...........	-327.63
	136	34.25	2.98339E-002	2.94622E-002	8.08098E-005	...........	-327.63
	137	34.5	2.98263E-002	3.01643E-002	8.29431E-005	...........	-327.63
	138	34.75	2.98197E-002	2.94529E-002	7.87431E-005	...........	-327.63
	139	35	2.98149E-002	3.01723E-002	7.88764E-005	...........	-327.63
	140	35.25	2.98123E-002	2.94581E-002	7.26764E-005	...........	-327.63
	141	35.5	2.98122E-002	3.01870E-002	8.18764E-005	...........	-327.63
	142	35.75	2.98146E-002	2.94647E-002	7.60764E-005	...........	-327.63
	143	36	2.98186E-002	3.02017E-002	7.68764E-005	...........	-327.63
	144	36.25	2.98236E-002	2.94717E-002	7.48764E-005	...........	-327.63
	145	36.5	2.98289E-002	3.02129E-002	8.13431E-005	...........	-327.63
	146	36.75	2.98342E-002	2.94814E-002	7.81431E-005	...........	-327.63
	147	37	2.98392E-002	3.02208E-002	8.20097E-005	...........	-327.63
	148	37.25	2.98439E-002	2.94808E-002	7.30098E-005	...........	-327.63
	149	37.5	2.98477E-002	3.02265E-002	7.86764E-005	...........	-327.63
	150	37.75	2.98506E-002	2.94929E-002	7.66098E-005	...........	-327.63
	151	38	2.98532E-002	3.02214E-002	7.63431E-005	...........	-327.63
	152	38.25	2.98556E-002	2.94976E-002	7.30764E-005	...........	-327.63
	153	38.5	2.98573E-002	3.02167E-002	7.22098E-005	...........	-327.63
	154	38.75	2.98582E-002	2.95064E-002	7.56098E-005	...........	-327.63
	155	39	2.98588E-002	3.02113E-002	7.86764E-005	...........	-327.63
	156	39.25	2.98592E-002	2.95069E-002	7.80097E-005	...........	-327.63
	157	39.5	2.98591E-002	3.01933E-002	7.75431E-005	...........	-327.63
	158	39.75	2.98576E-002	2.95105E-002	7.77431E-005	...........	-327.63
	159	40	2.98549E-002	3.01773E-002	8.38764E-005	...........	-327.63
	160	40.25	2.98515E-002	2.95064E-002	7.86764E-005	...........	-327.63
	161	40.5	2.98476E-002	3.01600E-002	7.44097E-005	...........	-327.63
	162	40.75	2.98430E-002	2.95049E-002	7.93431E-005	...........	-327.63
	163	41	2.98382E-002	3.01420E-002	7.81431E-005	...........	-327.63
	164	41.25	2.98334E-002	2.95095E-002	7.82764E-005	...........	-327.63
	165	41.5	2.98290E-002	3.01282E-002	7.83431E-005	...........	-327.63
	166	41.75	2.98253E-002	2.95082E-002	8.03431E-005	...........	-327.63
	167	42	2.98219E-002	3.01091E-002	7.65431E-005	...........	-327.63
	168	42.25	2.98181E-002	2.95086E-002	7.72764E-005	...........	-327.63
	169	42.5	2.98138E-002	3.00897E-002	7.70764E-005	...........	-327.63
	170	42.75	2.98092E-002	2.95073E-002	7.66764E-005	...........	-327.63
	171	43	2.98041E-002	3.00620E-002	7.96098E-005	...........	-327.63
	172	43.25	2.97982E-002	2.94943E-002	7.89431E-005	...........	-327.63
	173	43.5	2.97907E-002	3.00319E-002	7.64097E-005	...........	-327.63
	174	43.75	2.97817E-002	2.94829E-002	7.84098E-005	...........	-327.63
	175	44	2.97715E-002	2.99943E-002	7.96098E-005	...........	-327.63
	176	44.25	2.97605E-002	2.94713E-002	7.24764E-005	...........	-327.63
	177	44.5	2.97488E-002	2.99559E-002	7.43431E-005	...........	-327.63
	178	44.75	2.97367E-002	2.94646E-002	7.53431E-005	...........	-327.63
	179	45	2.97247E-002	2.99195E-002	7.90097E-005	...........	-327.63
	180	45.25	2.97132E-002	2.94622E-002	7.56098E-005	...........	-327.63
	181	45.5	2.97024E-002	2.98823E-002	8.18097E-005	...........	-327.63
	182	45.75	2.96921E-002	2.94528E-002	7.96764E-005	...........	-327.63
	183	46	2.96815E-002	2.98419E-002	8.01431E-005	...........	-327.63
	184	46.25	2.96702E-002	2.94388E-002	8.24098E-005	...........	-327.63
	185	46.5	2.96577E-002	2.97937E-002	8.05431E-005	...........	-327.63
	186	46.75	2.96440E-002	2.94224E-002	7.84098E-005	...........	-327.63
	187	47	2.96292E-002	2.97484E-002	8.08764E-005	...........	-327.63
	188	47.25	2.96137E-002	2.94069E-002	8.40764E-005	...........	-327.63
	189	47.5	2.95981E-002	2.96988E-002	8.19431E-005	...........	-327.63
	190	47.75	2.95824E-002	2.93948E-002	8.43431E-005	...........	-327.63
	191	48	2.95668E-002	2.96515E-002	8.06098E-005	...........	-327.63
	192	48.25	2.95516E-002	2.93933E-002	7.97431E-005	...........	-327.63
	193	48.5	2.95374E-002	2.96128E-002	7.93431E-005	...........	-327.63
	194	48.75	2.95250E-002	2.93973E-002	8.06764E-005	...........	-327.63
	195	49	2.95144E-002	2.95837E-002	7.96764E-005	...........	-327.63
	196	49.25	2.95058E-002	2.94054E-002	7.81431E-005	...........	-327.63
	197	49.5	2.94989E-002	2.95621E-002	8.04098E-005	...........	-327.63
	198	49.75	2.94936E-002	2.94134E-002	7.72764E-005	...........	-327.63
	199	50	2.94896E-002	2.95477E-002	8.17431E-005	...........	-327.63
	200	50.25	2.94867E-002	2.94264E-002	7.95431E-005	...........	-327.63
	201	50.5	2.94849E-002	2.95376E-002	8.42764E-005	...........	-327.63
	202	50.75	2.94843E-002	2.94393E-002	8.39431E-005	...........	-327.63
	203	51	2.94844E-002	2.95213E-002	8.45431E-005	...........	-327.63
	204	51.25	2.94844E-002	2.94493E-002	8.18097E-005	...........	-327.63
	205	51.5	2.94838E-002	2.95010E-002	8.14098E-005	...........	-327.63
	206	51.75	2.94823E-002	2.94540E-002	8.20764E-005	...........	-327.63
	207	52	2.94797E-002	2.94752E-002	8.35431E-005	...........	-327.63
	208	52.25	2.94760E-002	2.94559E-002	8.33431E-005	...........	-327.63
	209	52.5	2.94710E-002	2.94452E-002	7.98097E-005	...........	-327.63
	210	52.75	2.94651E-002	2.94545E-002	8.04764E-005	...........	-327.63
	211	53	2.94583E-002	2.94175E-002	8.14764E-005	...........	-327.63
	212	53.25	2.94509E-002	2.94488E-002	7.82764E-005	...........	-327.63
	213	53.5	2.94431E-002	2.93867E-002	7.83431E-005	...........	-327.63
	214	53.75	2.94347E-002	2.94383E-002	8.11431E-005	...........	-327.63
	215	54	2.94254E-002	2.93463E-002	7.68764E-005	...........	-327.63
	216	54.25	2.94145E-002	2.94075E-002	7.52098E-005	...........	-327.63
	217	54.5	2.94010E-002	2.92994E-002	7.57431E-005	...........	-327.63
	218	54.75	2.93849E-002	2.93776E-002	8.12764E-005	...........	-327.63
	219	55	2.93669E-002	2.92563E-002	7.88098E-005	...........	-327.63
	220	55.25	2.93482E-002	2.93481E-002	8.02098E-005	...........	-327.63
	221	55.5	2.93296E-002	2.92191E-002	7.85431E-005	...........	-327.63
	222	55.75	2.93118E-002	2.93251E-002	8.21431E-005	...........	-327.63
	223	56	2.92950E-002	2.91851E-002	7.80097E-005	...........	-327.63
	224	56.25	2.92795E-002	2.93032E-002	8.09431E-005	...........	-327.63
	225	56.5	2.92649E-002	2.91589E-002	8.53431E-005	...........	-327.63
	226	56.75	2.92515E-002	2.92894E-002	8.14098E-005	...........	-327.63
	227	57	2.92396E-002	2.91405E-002	8.27431E-005	...........	-327.63
	228	57.25	2.92294E-002	2.92832E-002	8.36764E-005	...........	-327.63
	229	57.5	2.92211E-002	2.91271E-002	8.04098E-005	...........	-327.63
	230	57.75	2.92145E-002	2.92808E-002	8.40097E-005	...........	-327.63
	231	58	2.92093E-002	2.91143E-002	8.64097E-005	...........	-327.63
	232	58.25	2.92048E-002	2.92765E-002	8.86098E-005	...........	-327.63
	233	58.5	2.92006E-002	2.90943E-002	8.23431E-005	...........	-327.63
	234	58.75	2.91959E-002	2.92695E-002	8.49431E-005	...........	-327.63
	235	59	2.91904E-002	2.90742E-002	8.06098E-005	...........	-327.63
	236	59.25	2.91842E-002	2.92646E-002	8.49431E-005	...........	-327.63
	237	59.5	2.91776E-002	2.90482E-002	8.50097E-005	...........	-327.63
	238	59.75	2.91704E-002	2.92467E-002	8.52098E-005	...........	-327.63
	239	60	2.91621E-002	2.90221E-002	8.45431E-005	...........	-327.63
	240	60.25	2.91524E-002	2.92261E-002	8.52764E-005	...........	-327.63
	241	60.5	2.91413E-002	2.89811E-002	8.64097E-005	...........	-327.63
	242	60.75	2.91285E-002	2.91943E-002	8.30764E-005	...........	-327.63
	243	61	2.91136E-002	2.89423E-002	8.10097E-005	...........	-327.63
	244	61.25	2.90972E-002	2.91671E-002	8.38097E-005	...........	-327.63
	245	61.5	2.90802E-002	2.89111E-002	8.46764E-005	...........	-327.63
	246	61.75	2.90641E-002	2.91543E-002	8.44764E-005	...........	-327.63
	247	62	2.90500E-002	2.88964E-002	8.32098E-005	...........	-327.63
	248	62.25	2.90389E-002	2.91493E-002	8.06764E-005	...........	-327.63
	249	62.5	2.90308E-002	2.88921E-002	8.52764E-005	...........	-327.63
	250	62.75	2.90255E-002	2.91470E-002	8.55431E-005	...........	-327.63
	251	63	2.90221E-002	2.88783E-002	7.80097E-005	...........	-327.63
	252	63.25	2.90189E-002	2.91298E-002	8.04098E-005	...........	-327.63
	253	63.5	2.90142E-002	2.88490E-002	7.93431E-005	...........	-327.63
	254	63.75	2.90068E-002	2.91040E-002	8.38097E-005	...........	-327.63
	255	64	2.89966E-002	2.88274E-002	8.10097E-005	...........	-327.63
	256	64.25	2.89852E-002	2.90963E-002	8.35431E-005	...........	-327.63
	257	64.5	2.89748E-002	2.88314E-002	8.14764E-005	...........	-327.63
	258	64.75	2.89680E-002	2.91125E-002	8.31431E-005	...........	-327.63
	259	65	2.89663E-002	2.88510E-002	8.34097E-005	...........	-327.63
	260	65.25	2.89696E-002	2.91380E-002	8.51431E-005	...........	-327.63
	261	65.5	2.89771E-002	2.88693E-002	8.22097E-005	...........	-327.63
	262	65.75	2.89868E-002	2.91568E-002	8.14098E-005	...........	-327.63
	263	66	2.89970E-002	2.88795E-002	8.36097E-005	...........	-327.63
	264	66.25	2.90062E-002	2.91637E-002	8.03431E-005	...........	-327.63
	265	66.5	2.90135E-002	2.88864E-002	8.24098E-005	...........	-327.63
	266	66.75	2.90189E-002	2.91669E-002	8.35431E-005	...........	-327.63
	267	67	2.90226E-002	2.88843E-002	8.06098E-005	...........	-327.63
	268	67.25	2.90247E-002	2.91649E-002	8.39431E-005	...........	-327.63
	269	67.5	2.90253E-002	2.88761E-002	8.06098E-005	...........	-327.63
	270	67.75	2.90244E-002	2.91559E-002	8.14098E-005	...........	-327.63
	271	68	2.90218E-002	2.88561E-002	8.23431E-005	...........	-327.63
	272	68.25	2.90171E-002	2.91346E-002	8.31431E-005	...........	-327.63
	273	68.5	2.90101E-002	2.88342E-002	7.97431E-005	...........	-327.63
	274	68.75	2.90011E-002	2.91142E-002	8.43431E-005	...........	-327.63
	275	69	2.89909E-002	2.88098E-002	8.36097E-005	...........	-327.63
	276	69.25	2.89802E-002	2.90989E-002	8.17431E-005	...........	-327.63
	277	69.5	2.89696E-002	2.87881E-002	8.67431E-005	...........	-327.63
	278	69.75	2.89595E-002	2.90884E-002	8.10764E-005	...........	-327.63
	279	70	2.89502E-002	2.87696E-002	8.26098E-005	...........	-327.63
	280	70.25	2.89419E-002	2.90767E-002	8.26764E-005	...........	-327.63
	281	70.5	2.89341E-002	2.87527E-002	8.29431E-005	...........	-327.63
	282	70.75	2.89267E-002	2.90630E-002	8.05431E-005	...........	-327.63
	283	71	2.89191E-002	2.87263E-002	8.29431E-005	...........	-327.63
	284	71.25	2.89108E-002	2.90486E-002	8.20764E-005	...........	-327.63
	285	71.5	2.89017E-002	2.87039E-002	8.34097E-005	...........	-327.63
	286	71.75	2.88922E-002	2.90292E-002	8.40097E-005	...........	-327.63
	287	72	2.88822E-002	2.86754E-002	8.15431E-005	...........	-327.63
	288	72.25	2.88715E-002	2.90109E-002	8.57431E-005	...........	-327.63
	289	72.5	2.88604E-002	2.86498E-002	8.63431E-005	...........	-327.63
	290	72.75	2.88490E-002	2.89918E-002	8.52764E-005	...........	-327.63
	291	73	2.88377E-002	2.86266E-002	8.37431E-005	...........	-327.63
	292	73.25	2.88268E-002	2.89803E-002	8.86098E-005	...........	-327.63
	293	73.5	2.88168E-002	2.86115E-002	8.32098E-005	...........	-327.63
	294	73.75	2.88081E-002	2.89723E-002	8.50764E-005	...........	-327.63
	295	74	2.88007E-002	2.85979E-002	8.48764E-005	...........	-327.63
	296	74.25	2.87945E-002	2.89637E-002	8.34764E-005	...........	-327.63
	297	74.5	2.87886E-002	2.85778E-002	8.62764E-005	...........	-327.63
	298	74.75	2.87824E-002	2.89461E-002	8.26764E-005	...........	-327.63
	299	75	2.87752E-002	2.85569E-002	7.98097E-005	...........	-327.63
	300	75.25	2.87669E-002	2.89371E-002	8.19431E-005	...........	-327.63
	301	75.5	2.87585E-002	2.85404E-002	8.30098E-005	...........	-327.63
	302	75.75	2.87505E-002	2.89226E-002	8.26098E-005	...........	-327.63
	303	76	2.87430E-002	2.85233E-002	8.08098E-005	...........	-327.63
	304	76.25	2.87355E-002	2.89101E-002	8.00764E-005	...........	-327.63
	305	76.5	2.87278E-002	2.84989E-002	8.03431E-005	...........	-327.63
	306	76.75	2.87195E-002	2.88837E-002	7.72764E-005	...........	-327.63
	307	77	2.87096E-002	2.84665E-002	7.98097E-005	...........	-327.63
	308	77.25	2.86978E-002	2.88629E-002	8.61431E-005	...........	-327.63
	309	77.5	2.86851E-002	2.84512E-002	8.47431E-005	...........	-327.63
	310	77.75	2.86734E-002	2.88635E-002	8.51431E-005	...........	-327.63
	311	78	2.86645E-002	2.84482E-002	7.82097E-005	...........	-327.63
	312	78.25	2.86593E-002	2.88657E-002	8.24764E-005	...........	-327.63
	313	78.5	2.86570E-002	2.84492E-002	8.34097E-005	...........	-327.63
	314	78.75	2.86565E-002	2.88672E-002	8.37431E-005	...........	-327.63
	315	79	2.86566E-002	2.84352E-002	7.98097E-005	...........	-327.63
	316	79.25	2.86558E-002	2.88497E-002	8.60097E-005	...........	-327.63
	317	79.5	2.86523E-002	2.84081E-002	8.10097E-005	...........	-327.63
	318	79.75	2.86454E-002	2.88176E-002	7.74098E-005	...........	-327.63
	319	80	2.86347E-002	2.83689E-002	8.08098E-005	...........	-327.63
	320	80.25	2.86206E-002	2.87779E-002	8.19431E-005	...........	-327.63
	321	80.5	2.86035E-002	2.83212E-002	8.29431E-005	...........	-327.63
	322	80.75	2.85840E-002	2.87335E-002	8.33431E-005	...........	-327.63
	323	81	2.85628E-002	2.82770E-002	7.77431E-005	...........	-327.63
	324	81.25	2.85407E-002	2.86904E-002	8.14098E-005	...........	-327.63
	325	81.5	2.85182E-002	2.82236E-002	7.97431E-005	...........	-327.63
	326	81.75	2.84952E-002	2.86382E-002	8.08764E-005	...........	-327.63
	327	82	2.84711E-002	2.81743E-002	8.10764E-005	...........	-327.63
	328	82.25	2.84464E-002	2.85993E-002	8.54764E-005	...........	-327.63
	329	82.5	2.84224E-002	2.81405E-002	8.41431E-005	...........	-327.63
	330	82.75	2.84004E-002	2.85685E-002	8.12098E-005	...........	-327.63
	331	83	2.83809E-002	2.81008E-002	8.41431E-005	...........	-327.63
	332	83.25	2.83630E-002	2.85418E-002	7.95431E-005	...........	-327.63
	333	83.5	2.83464E-002	2.80825E-002	8.07431E-005	...........	-327.63
	334	83.75	2.83316E-002	2.85265E-002	8.03431E-005	...........	-327.63
	335	84	2.83193E-002	2.80642E-002	8.18097E-005	...........	-327.63
	336	84.25	2.83090E-002	2.85031E-002	7.76098E-005	...........	-327.63
	337	84.5	2.82993E-002	2.80358E-002	8.02098E-005	...........	-327.63
	338	84.75	2.82889E-002	2.84829E-002	7.80097E-005	...........	-327.63
	339	85	2.82778E-002	2.80221E-002	7.46097E-005	...........	-327.63
	340	85.25	2.82674E-002	2.84825E-002	7.92764E-005	...........	-327.63
	341	85.5	2.82592E-002	2.80128E-002	8.08098E-005	...........	-327.63
	342	85.75	2.82536E-002	2.84776E-002	8.04764E-005	...........	-327.63
	343	86	2.82497E-002	2.80043E-002	7.95431E-005	...........	-327.63
	344	86.25	2.82463E-002	2.84677E-002	7.92764E-005	...........	-327.63
	345	86.5	2.82424E-002	2.79825E-002	8.17431E-005	...........	-327.63
	346	86.75	2.82370E-002	2.84427E-002	7.95431E-005	...........	-327.63
	347	87	2.82292E-002	2.79530E-002	7.59431E-005	...........	-327.63
	348	87.25	2.82187E-002	2.84178E-002	8.61431E-005	...........	-327.63
	349	87.5	2.82063E-002	2.79262E-002	8.38764E-005	...........	-327.63
	350	87.75	2.81932E-002	2.83936E-002	8.35431E-005	...........	-327.63
	351	88	2.81801E-002	2.79010E-002	8.27431E-005	...........	-327.63
	352	88.25	2.81672E-002	2.83697E-002	8.79431E-005	...........	-327.63
	353	88.5	2.81544E-002	2.78665E-002	8.67431E-005	...........	-327.63
	354	88.75	2.81413E-002	2.83425E-002	8.16764E-005	...........	-327.63
	355	89	2.81273E-002	2.78353E-002	8.34097E-005	...........	-327.63
	356	89.25	2.81127E-002	2.83112E-002	8.83431E-005	...........	-327.63
	357	89.5	2.80977E-002	2.78070E-002	8.59431E-005	...........	-327.63
	358	89.75	2.80826E-002	2.82856E-002	8.74097E-005	...........	-327.63
	359	90	2.80679E-002	2.77755E-002	8.64097E-005	...........	-327.63
	360	90.25	2.80536E-002	2.82605E-002	8.17431E-005	...........	-327.63
	361	90.5	2.80396E-002	2.77520E-002	7.98764E-005	...........	-327.63
	362	90.75	2.80262E-002	2.82405E-002	8.36764E-005	...........	-327.63
	363	91	2.80139E-002	2.77333E-002	8.38097E-005	...........	-327.63
	364	91.25	2.80028E-002	2.82250E-002	7.90097E-005	...........	-327.63
	365	91.5	2.79929E-002	2.77186E-002	7.81431E-005	...........	-327.63
	366	91.75	2.79842E-002	2.82133E-002	8.32764E-005	...........	-327.63
	367	92	2.79764E-002	2.77037E-002	8.58764E-005	...........	-327.63
	368	92.25	2.79692E-002	2.81953E-002	8.20097E-005	...........	-327.63
	369	92.5	2.79621E-002	2.76941E-002	8.10764E-005	...........	-327.63
	370	92.75	2.79549E-002	2.81757E-002	8.40764E-005	...........	-327.63
	371	93	2.79474E-002	2.76708E-002	8.31431E-005	...........	-327.63
	372	93.25	2.79388E-002	2.81434E-002	8.40097E-005	...........	-327.63
	373	93.5	2.79282E-002	2.76430E-002	8.23431E-005	...........	-327.63
	374	93.75	2.79155E-002	2.81082E-002	8.26764E-005	...........	-327.63
	375	94	2.79011E-002	2.76177E-002	8.28764E-005	...........	-327.63
	376	94.25	2.78861E-002	2.80756E-002	8.26098E-005	...........	-327.63
	377	94.5	2.78710E-002	2.75976E-002	8.40764E-005	...........	-327.63
	378	94.75	2.78566E-002	2.80414E-002	8.10097E-005	...........	-327.63
	379	95	2.78425E-002	2.75709E-002	8.50097E-005	...........	-327.63
	380	95.25	2.78282E-002	2.79986E-002	8.66764E-005	...........	-327.63
	381	95.5	2.78128E-002	2.75389E-002	7.96764E-005	...........	-327.63
	382	95.75	2.77959E-002	2.79505E-002	7.84764E-005	...........	-327.63
	383	96	2.77776E-002	2.75078E-002	7.95431E-005	...........	-327.63
	384	96.25	2.77585E-002	2.79103E-002	8.30098E-005	...........	-327.63
	385	96.5	2.77397E-002	2.74895E-002	8.32764E-005	...........	-327.63
	386	96.75	2.77221E-002	2.78699E-002	8.32764E-005	...........	-327.63
	387	97	2.77060E-002	2.74702E-002	7.60098E-005	...........	-327.63
	388	97.25	2.76908E-002	2.78335E-002	8.25431E-005	...........	-327.63
	389	97.5	2.76765E-002	2.74617E-002	7.94098E-005	...........	-327.63
	390	97.75	2.76633E-002	2.78063E-002	8.00097E-005	...........	-327.63
	391	98	2.76519E-002	2.74586E-002	7.87431E-005	...........	-327.63
	392	98.25	2.76420E-002	2.77685E-002	8.47431E-005	...........	-327.63
	393	98.5	2.76327E-002	2.74528E-002	8.36097E-005	...........	-327.63
	394	98.75	2.76231E-002	2.77296E-002	8.52098E-005	...........	-327.63
	395	99	2.76128E-002	2.74544E-002	8.26098E-005	...........	-327.63
	396	99.25	2.76026E-002	2.76935E-002	8.16764E-005	...........	-327.63
	397	99.5	2.75929E-002	2.74564E-002	8.66764E-005	...........	-327.63
	398	99.75	2.75838E-002	2.76593E-002	8.54097E-005	...........	-327.63
	399	100	2.75752E-002	2.74551E-002	8.28097E-005	...........	-327.63
EOC	QUANT	0.0275752	Open Circuit (V)
PSTATMODEL	IQUANT	5	Pstat Model
PSTATSECTION	LABEL	REF3000-20110	Pstat Section
PSTATSERIALNO	LABEL	20110	Pstat Serial Number
CTRLMODE	IQUANT	0	Control Mode
ELECTROMETER	IQUANT	0	RE=0 or CS=1
IESTAB	IQUANT	0	I/E Stability
CASPEED	IQUANT	4	Control Amp Speed
CONVENTION	IQUANT	1	Current Convention
ICHRANGE	IQUANT	2	Ich Range
ICHRANGEMODE	TOGGLE	F	Ich Auto Range
ICHOFFSETENABLE	TOGGLE	T	Ich Offset Enable
ICHOFFSET	QUANT	0	Ich Offset (V)
ICHFILTER	IQUANT	3	Ich Filter
VCHRANGE	IQUANT	2	Vch Range
VCHRANGEMODE	TOGGLE	F	Vch Auto Range
VCHOFFSETENABLE	TOGGLE	T	Vch Offset Enable
VCHOFFSET	QUANT	0	Vch Offset (V)
VCHFILTER	IQUANT	3	Vch Filter
ACHRANGE	IQUANT	2	Ach Range
ACHOFFSETENABLE	TOGGLE	F	Ach Offset Enable
ACHOFFSET	QUANT	0	Ach Offset (V)
ACHFILTER	IQUANT	1	Ach Filter
IERANGELOWERLIMIT	IQUANT	2	I/E Range Lower Limit
IERANGEMODE	TOGGLE	F	I/E AutoRange
IERANGE	IQUANT	11	I/E Range
POSFEEDENABLE	TOGGLE	F	Positive Feedback IR Comp
POSFEEDRESISTANCE	QUANT	0	Positive Feedback Resistance (ohm)
ACHSELECT	IQUANT	4	Ach Select
SENSECABLEID	IQUANT	14	Sense Cable ID
PWRCABLEID	IQUANT	7	Power Cable ID
DCCALDATE	LABEL	8/9/2022	DC Calibration Date
ACCALDATE	LABEL	8/9/2022	AC Calibration Date
THERMOSELECT	IQUANT	1	Thermo Select
FRAMEWORKVERSION	LABEL	7.9.0	Framework Version
INSTRUMENTVERSION	LABEL	4.60	Instrument Version
COMPLIANCEVOLTAGE	IQUANT	0	Compliance Voltage
ZCURVE	TABLE
	Pt	Time	Freq	Zreal	Zimag	Zsig	Zmod	Zphz	Idc	Vdc	IERange
	#	s	Hz	ohm	ohm	V	ohm	°	A	V	#
	0	8	1000078	5707.397	-10343.46	1	11813.61	-61.1106	1.019052E-005	0.0664033	9
	1	9	630984.4	9779.02	-14649.28	1	17613.36	-56.27518	5.505685E-006	-0.1155576	9
	2	11	398109.4	16545.96	-18869.37	1	25096.26	-48.75349	-1.151648E-006	-0.0549	8
	3	13	251203.1	25028.44	-18562.43	1	31160.66	-36.56261	-2.90457E-007	-0.0417562	8
	4	15	158578.1	31929.16	-15214.73	1	35368.91	-25.47851	4.532872E-007	-0.0561595	8
	5	16	100078.1	36032.95	-10987.03	1	37670.79	-16.95732	-1.387892E-006	-0.0464811	8
	6	18	63140.62	37991.84	-7398.517	1	38705.53	-11.01984	-1.107905E-006	-0.0414614	8
	7	19	39890.62	38754.98	-4827.064	1	39054.43	-7.099821	8.235889E-007	-0.0456464	8
	8	21	25171.88	38891.4	-3090.194	1	39013.98	-4.543006	-1.430371E-006	-0.0432664	8
	9	22	15890.62	38757.92	-1979.397	1	38808.43	-2.9236	7.085448E-007	-0.0421701	8
	10	23	10078.13	38990.71	-1312.132	1	39012.79	-1.927414	-4.823937E-008	-0.0408351	8
	11	25	6328.125	39069.02	-870.296	1	39078.71	-1.276101	3.967797E-007	-0.0421889	8
	12	26	3984.375	39110.34	-593.9633	1	39114.85	-0.8700761	-5.887502E-007	-0.0415467	8
	13	28	2527.573	39130.09	-432.3302	1	39132.48	-0.6330087	-1.238191E-006	-0.0487827	8
	14	29	1577.524	39148.2	-335.1533	1	39149.63	-0.4905053	-1.134293E-006	-0.0434033	8
	15	31	998.264	39166.37	-300.0529	1	39167.52	-0.4389335	5.183757E-007	-0.0495192	8
	16	32	627.7902	39199.44	-304.6596	1	39200.62	-0.4452962	-1.483286E-006	-0.0482889	8
	17	33	397.9953	39244.34	-346.1718	1	39245.86	-0.5053893	-3.61236E-007	-0.0453596	8
	18	35	252.4038	39307.36	-429.7679	1	39309.71	-0.6264197	-3.564162E-007	-0.0449628	8
	19	36	158.3615	39381.1	-561.3773	1	39385.1	-0.8166956	-3.666545E-007	-0.0517901	8
	20	38	100.4464	39480.88	-746.571	1	39487.94	-1.083316	-3.644037E-007	-0.0570052	8
	21	39	63.3446	39605.26	-1004.095	1	39617.99	-1.452284	-3.623026E-007	-0.0461155	8
	22	40	38.42213	39864.39	-1376.279	1	39888.14	-1.977296	-3.724194E-007	-0.0476125	8
	23	42	24.93351	40181.58	-1761.497	1	40220.17	-2.510149	-3.618118E-007	-0.0271274	8
	24	43	15.625	40710.52	-2191.933	1	40769.48	-3.08194	-3.688446E-007	0.0039194	8
	25	45	9.93114	41283.85	-2384.827	1	41352.67	-3.306107	-3.656531E-007	-0.0359223	8
	26	46	6.317385	41809.42	-2559.366	1	41887.68	-3.502994	-3.049645E-007	-0.0294071	8
	27	48	3.945707	42307.66	-2737.708	1	42396.14	-3.702419	-3.830135E-007	0.0124479	8
	28	50	2.504006	42820.52	-2687.491	1	42904.77	-3.591274	-3.66962E-007	-0.0387077	8
	29	53	1.584686	43114.73	-2814.621	1	43206.5	-3.73509	-2.556782E-007	-0.024486	8
	30	57	0.999041	43542.31	-2987.254	1	43644.66	-3.924671	-1.989895E-007	0.0637025	8
	31	61	0.6334459	43861.89	-3114.084	1	43972.3	-4.061042	-3.145353E-007	0.1129439	8
	32	68	0.400641	43958.39	-3482.667	1	44096.13	-4.529879	-3.188947E-007	0.0716327	8
	33	79	0.2520161	44249.34	-3914.126	1	44422.11	-5.055007	-3.114628E-007	0.1035648	8
	34	100	0.1588983	44458.17	-4073.775	1	44644.42	-5.235487	-3.11859E-007	0.1322438	8
	35	132	0.1001603	44007.29	-3927.522	1	44182.2	-5.09997	-3.130089E-007	0.1572821	8
