EXPLAIN
TAG	GALVEIS
TITLE	LABEL	Galvanostatic EIS	Test &Identifier
DATE	LABEL	12-12-2022	Date
TIME	LABEL	8:21:11	Time
NOTES	NOTES	1	&Notes...
	
PSTAT	PSTAT	REF3000-20110	Potentiostat
IDCREQ	QUANT	0.00000E+000	DC &Current (A)
FREQINIT	QUANT	1.00000E+006	Initial Fre&q. (Hz)
FREQFINAL	QUANT	1.00000E-002	Final Fre&q. (Hz)
PTSPERDEC	QUANT	1.00000E+001	Points/&decade
IACREQ	QUANT	1.00000E-003	AC &Current (A rms)
AREA	QUANT	1.00000E+000	&Area (cm^2)
CONDIT	TWOPARAM	F	1.50000E+001	0.00000E+000	Conditionin&g	Time(s)	E(V)
DELAY	TWOPARAM	T	1.00000E+002	0.00000E+000	Init. De&lay	Time(s)	Stab.(mV/s)
SPEED	SELECTOR	1	&Optimize for:
THD	SELECTOR	0	T&HD
DRIFTCOR	SELECTOR	0	&Drift Correction
ZGUESS	QUANT	1.00000E+001	E&stimated Z (ohms)
OCVCURVE	TABLE	400
	Pt	T	Vf	Vm	Ach	Over	Temp
	#	s	V vs. Ref.	V	V	bits	deg C
	0	0.25	-9.90405E-003	-9.90405E-003	4.21943E-004	...........	-327.63
	1	0.5	-9.90215E-003	-9.80457E-003	3.07276E-004	...........	-327.63
	2	0.75	-9.89212E-003	-9.79616E-003	4.19343E-004	...........	-327.63
	3	1	-9.86757E-003	-9.70245E-003	3.00543E-004	...........	-327.63
	4	1.25	-9.82893E-003	-9.71049E-003	4.22743E-004	...........	-327.63
	5	1.5	-9.78148E-003	-9.55251E-003	2.98943E-004	...........	-327.63
	6	1.75	-9.72829E-003	-9.59231E-003	4.20610E-004	...........	-327.63
	7	2	-9.67206E-003	-9.52604E-003	2.95410E-004	...........	-327.63
	8	2.25	-9.61985E-003	-9.53028E-003	4.20876E-004	...........	-327.63
	9	2.5	-9.57724E-003	-9.45380E-003	3.00610E-004	...........	-327.63
	10	2.75	-9.54245E-003	-9.47275E-003	4.27676E-004	...........	-327.63
	11	3	-9.51150E-003	-9.41931E-003	3.03476E-004	...........	-327.63
	12	3.25	-9.48402E-003	-9.45971E-003	4.24343E-004	...........	-327.63
	13	3.5	-9.46245E-003	-9.42100E-003	3.04743E-004	...........	-327.63
	14	3.75	-9.44880E-003	-9.46737E-003	4.18210E-004	...........	-327.63
	15	4	-9.44302E-003	-9.43661E-003	2.95276E-004	...........	-327.63
	16	4.25	-9.44341E-003	-9.47936E-003	4.16343E-004	...........	-327.63
	17	4.5	-9.44762E-003	-9.44600E-003	2.96543E-004	...........	-327.63
	18	4.75	-9.45305E-003	-9.47209E-003	4.21010E-004	...........	-327.63
	19	5	-9.45699E-003	-9.42928E-003	3.00476E-004	...........	-327.63
	20	5.25	-9.45712E-003	-9.44205E-003	4.17210E-004	...........	-327.63
	21	5.5	-9.45206E-003	-9.39323E-003	3.05410E-004	...........	-327.63
	22	5.75	-9.44162E-003	-9.40016E-003	4.30010E-004	...........	-327.63
	23	6	-9.42655E-003	-9.35094E-003	3.05543E-004	...........	-327.63
	24	6.25	-9.40810E-003	-9.35295E-003	4.21010E-004	...........	-327.63
	25	6.5	-9.38742E-003	-9.30665E-003	3.03676E-004	...........	-327.63
	26	6.75	-9.36541E-003	-9.30500E-003	4.19810E-004	...........	-327.63
	27	7	-9.34275E-003	-9.26481E-003	3.05076E-004	...........	-327.63
	28	7.25	-9.31991E-003	-9.25564E-003	4.10343E-004	...........	-327.63
	29	7.5	-9.29695E-003	-9.21512E-003	2.97410E-004	...........	-327.63
	30	7.75	-9.27351E-003	-9.20496E-003	4.20076E-004	...........	-327.63
	31	8	-9.24937E-003	-9.16583E-003	3.02410E-004	...........	-327.63
	32	8.25	-9.22455E-003	-9.14695E-003	4.19876E-004	...........	-327.63
	33	8.5	-9.19890E-003	-9.11045E-003	2.97076E-004	...........	-327.63
	34	8.75	-9.17210E-003	-9.08258E-003	4.21410E-004	...........	-327.63
	35	9	-9.14376E-003	-9.04296E-003	3.05543E-004	...........	-327.63
	36	9.25	-9.11353E-003	-9.01230E-003	4.21410E-004	...........	-327.63
	37	9.5	-9.08143E-003	-8.97732E-003	3.00010E-004	...........	-327.63
	38	9.75	-9.04800E-003	-8.93963E-003	4.24610E-004	...........	-327.63
	39	10	-9.01373E-003	-8.90532E-003	3.03676E-004	...........	-327.63
	40	10.25	-8.97872E-003	-8.86494E-003	4.26876E-004	...........	-327.63
	41	10.5	-8.94296E-003	-8.83327E-003	3.17543E-004	...........	-327.63
	42	10.75	-8.90658E-003	-8.78716E-003	4.31810E-004	...........	-327.63
	43	11	-8.86971E-003	-8.76013E-003	3.06543E-004	...........	-327.63
	44	11.25	-8.83244E-003	-8.70982E-003	4.28343E-004	...........	-327.63
	45	11.5	-8.79489E-003	-8.68570E-003	3.03810E-004	...........	-327.63
	46	11.75	-8.75732E-003	-8.64087E-003	4.31276E-004	...........	-327.63
	47	12	-8.72036E-003	-8.62291E-003	3.01410E-004	...........	-327.63
	48	12.25	-8.68478E-003	-8.57551E-003	4.33476E-004	...........	-327.63
	49	12.5	-8.65084E-003	-8.56206E-003	3.12543E-004	...........	-327.63
	50	12.75	-8.61830E-003	-8.51467E-003	4.32010E-004	...........	-327.63
	51	13	-8.58692E-003	-8.50835E-003	3.04943E-004	...........	-327.63
	52	13.25	-8.55684E-003	-8.46387E-003	4.27210E-004	...........	-327.63
	53	13.5	-8.52865E-003	-8.47446E-003	3.07876E-004	...........	-327.63
	54	13.75	-8.50316E-003	-8.42170E-003	4.22343E-004	...........	-327.63
	55	14	-8.48027E-003	-8.42546E-003	3.01476E-004	...........	-327.63
	56	14.25	-8.45856E-003	-8.37618E-003	4.27743E-004	...........	-327.63
	57	14.5	-8.43675E-003	-8.38594E-003	3.06543E-004	...........	-327.63
	58	14.75	-8.41485E-003	-8.33605E-003	4.28143E-004	...........	-327.63
	59	15	-8.39361E-003	-8.35455E-003	3.09610E-004	...........	-327.63
	60	15.25	-8.37361E-003	-8.29730E-003	4.28076E-004	...........	-327.63
	61	15.5	-8.35455E-003	-8.30768E-003	3.08276E-004	...........	-327.63
	62	15.75	-8.33536E-003	-8.25863E-003	4.30810E-004	...........	-327.63
	63	16	-8.31561E-003	-8.27575E-003	3.09210E-004	...........	-327.63
	64	16.25	-8.29598E-003	-8.22105E-003	4.33343E-004	...........	-327.63
	65	16.5	-8.27723E-003	-8.24621E-003	3.09876E-004	...........	-327.63
	66	16.75	-8.25952E-003	-8.18825E-003	4.28543E-004	...........	-327.63
	67	17	-8.24270E-003	-8.21379E-003	3.03010E-004	...........	-327.63
	68	17.25	-8.22657E-003	-8.16446E-003	4.26143E-004	...........	-327.63
	69	17.5	-8.21137E-003	-8.19431E-003	2.98743E-004	...........	-327.63
	70	17.75	-8.19771E-003	-8.14376E-003	4.28676E-004	...........	-327.63
	71	18	-8.18579E-003	-8.17821E-003	3.00876E-004	...........	-327.63
	72	18.25	-8.17550E-003	-8.13440E-003	4.22010E-004	...........	-327.63
	73	18.5	-8.16693E-003	-8.17035E-003	2.99876E-004	...........	-327.63
	74	18.75	-8.16017E-003	-8.12609E-003	4.29610E-004	...........	-327.63
	75	19	-8.15495E-003	-8.16555E-003	2.97210E-004	...........	-327.63
	76	19.25	-8.15067E-003	-8.11165E-003	4.23343E-004	...........	-327.63
	77	19.5	-8.14633E-003	-8.14587E-003	3.01410E-004	...........	-327.63
	78	19.75	-8.14065E-003	-8.08680E-003	4.30810E-004	...........	-327.63
	79	20	-8.13268E-003	-8.11614E-003	3.04276E-004	...........	-327.63
	80	20.25	-8.12180E-003	-8.03964E-003	4.22076E-004	...........	-327.63
	81	20.5	-8.10716E-003	-8.05969E-003	3.05343E-004	...........	-327.63
	82	20.75	-8.08799E-003	-7.98550E-003	4.33543E-004	...........	-327.63
	83	21	-8.06464E-003	-8.00439E-003	3.16543E-004	...........	-327.63
	84	21.25	-8.03849E-003	-7.92627E-003	4.28010E-004	...........	-327.63
	85	21.5	-8.01092E-003	-7.95368E-003	1.63076E-004	...........	-327.63
	86	21.75	-7.98309E-003	-7.87603E-003	9.90764E-005	...........	-327.63
	87	22	-7.95587E-003	-7.90066E-003	1.03476E-004	...........	-327.63
	88	22.25	-7.92946E-003	-7.82687E-003	1.04810E-004	...........	-327.63
	89	22.5	-7.90370E-003	-7.85360E-003	1.03876E-004	...........	-327.63
	90	22.75	-7.87886E-003	-7.79270E-003	1.06810E-004	...........	-327.63
	91	23	-7.85581E-003	-7.82378E-003	9.86764E-005	...........	-327.63
	92	23.25	-7.83550E-003	-7.76604E-003	1.03476E-004	...........	-327.63
	93	23.5	-7.81824E-003	-7.80411E-003	1.02343E-004	...........	-327.63
	94	23.75	-7.80388E-003	-7.75142E-003	1.02810E-004	...........	-327.63
	95	24	-7.79232E-003	-7.79609E-003	1.01610E-004	...........	-327.63
	96	24.25	-7.78359E-003	-7.74951E-003	9.93431E-005	...........	-327.63
	97	24.5	-7.77769E-003	-7.79461E-003	1.02343E-004	...........	-327.63
	98	24.75	-7.77433E-003	-7.75168E-003	1.03876E-004	...........	-327.63
	99	25	-7.77286E-003	-7.79382E-003	9.92097E-005	...........	-327.63
	100	25.25	-7.77243E-003	-7.74751E-003	9.70098E-005	...........	-327.63
	101	25.5	-7.77200E-003	-7.78522E-003	9.60764E-005	...........	-327.63
	102	25.75	-7.77060E-003	-7.73558E-003	1.02610E-004	...........	-327.63
	103	26	-7.76753E-003	-7.76463E-003	8.99431E-005	...........	-327.63
	104	26.25	-7.76220E-003	-7.71045E-003	9.68764E-005	...........	-327.63
	105	26.5	-7.75418E-003	-7.73367E-003	9.03431E-005	...........	-327.63
	106	26.75	-7.74331E-003	-7.67585E-003	8.72764E-005	...........	-327.63
	107	27	-7.72973E-003	-7.69470E-003	9.10098E-005	...........	-327.63
	108	27.25	-7.71382E-003	-7.63877E-003	9.76098E-005	...........	-327.63
	109	27.5	-7.69621E-003	-7.65573E-003	9.74097E-005	...........	-327.63
	110	27.75	-7.67765E-003	-7.60372E-003	9.89431E-005	...........	-327.63
	111	28	-7.65903E-003	-7.62721E-003	9.65431E-005	...........	-327.63
	112	28.25	-7.64115E-003	-7.57117E-003	1.04676E-004	...........	-327.63
	113	28.5	-7.62416E-003	-7.58667E-003	9.99431E-005	...........	-327.63
	114	28.75	-7.60734E-003	-7.53893E-003	9.59431E-005	...........	-327.63
	115	29	-7.59016E-003	-7.55179E-003	1.03676E-004	...........	-327.63
	116	29.25	-7.57285E-003	-7.50882E-003	9.82764E-005	...........	-327.63
	117	29.5	-7.55580E-003	-7.51589E-003	1.00210E-004	...........	-327.63
	118	29.75	-7.53879E-003	-7.46353E-003	9.92764E-005	...........	-327.63
	119	30	-7.52086E-003	-7.47064E-003	9.70098E-005	...........	-327.63
	120	30.25	-7.50140E-003	-7.42774E-003	9.38098E-005	...........	-327.63
	121	30.5	-7.48099E-003	-7.43075E-003	9.75431E-005	...........	-327.63
	122	30.75	-7.46065E-003	-7.39001E-003	9.32098E-005	...........	-327.63
	123	31	-7.44072E-003	-7.38839E-003	9.60764E-005	...........	-327.63
	124	31.25	-7.42097E-003	-7.35065E-003	9.75431E-005	...........	-327.63
	125	31.5	-7.40129E-003	-7.35862E-003	1.00343E-004	...........	-327.63
	126	31.75	-7.38263E-003	-7.33735E-003	9.69431E-005	...........	-327.63
	127	32	-7.36687E-003	-7.35458E-003	1.01876E-004	...........	-327.63
	128	32.25	-7.35595E-003	-7.35275E-003	1.03010E-004	...........	-327.63
	129	32.5	-7.35158E-003	-7.39816E-003	9.52764E-005	...........	-327.63
	130	32.75	-7.35534E-003	-7.40066E-003	9.72097E-005	...........	-327.63
	131	33	-7.36769E-003	-7.45389E-003	9.28764E-005	...........	-327.63
	132	33.25	-7.38782E-003	-7.48524E-003	9.62764E-005	...........	-327.63
	133	33.5	-7.41521E-003	-7.54516E-003	9.81431E-005	...........	-327.63
	134	33.75	-7.45019E-003	-7.60118E-003	9.27431E-005	...........	-327.63
	135	34	-7.49323E-003	-7.67244E-003	8.96764E-005	...........	-327.63
	136	34.25	-7.54480E-003	-7.75922E-003	9.08764E-005	...........	-327.63
	137	34.5	-7.60560E-003	-7.84242E-003	9.88098E-005	...........	-327.63
	138	34.75	-7.67467E-003	-7.87324E-003	9.18098E-005	...........	-327.63
	139	35	-7.74526E-003	-7.86636E-003	9.33431E-005	...........	-327.63
	140	35.25	-7.80416E-003	-7.82446E-003	9.70098E-005	...........	-327.63
	141	35.5	-7.83833E-003	-7.78176E-003	9.38764E-005	...........	-327.63
	142	35.75	-7.84286E-003	-7.74431E-003	9.52097E-005	...........	-327.63
	143	36	-7.82302E-003	-7.70716E-003	9.26764E-005	...........	-327.63
	144	36.25	-7.78988E-003	-7.70212E-003	9.04764E-005	...........	-327.63
	145	36.5	-7.75520E-003	-7.70986E-003	9.38764E-005	...........	-327.63
	146	36.75	-7.72904E-003	-7.74648E-003	9.25431E-005	...........	-327.63
	147	37	-7.71794E-003	-7.76105E-003	9.50098E-005	...........	-327.63
	148	37.25	-7.72231E-003	-7.76836E-003	9.61431E-005	...........	-327.63
	149	37.5	-7.73521E-003	-7.72236E-003	9.08097E-005	...........	-327.63
	150	37.75	-7.74470E-003	-7.68204E-003	9.30764E-005	...........	-327.63
	151	38	-7.73984E-003	-7.61654E-003	9.77431E-005	...........	-327.63
	152	38.25	-7.71649E-003	-7.58809E-003	9.64098E-005	...........	-327.63
	153	38.5	-7.67864E-003	-7.53869E-003	9.99431E-005	...........	-327.63
	154	38.75	-7.63491E-003	-7.54039E-003	9.78098E-005	...........	-327.63
	155	39	-7.59380E-003	-7.50390E-003	9.07431E-005	...........	-327.63
	156	39.25	-7.56045E-003	-7.51409E-003	9.68097E-005	...........	-327.63
	157	39.5	-7.53575E-003	-7.48025E-003	9.59431E-005	...........	-327.63
	158	39.75	-7.51785E-003	-7.49410E-003	8.93431E-005	...........	-327.63
	159	40	-7.50435E-003	-7.46487E-003	9.18098E-005	...........	-327.63
	160	40.25	-7.49355E-003	-7.48038E-003	9.02764E-005	...........	-327.63
	161	40.5	-7.48465E-003	-7.45597E-003	9.14097E-005	...........	-327.63
	162	40.75	-7.47759E-003	-7.48530E-003	9.10098E-005	...........	-327.63
	163	41	-7.47321E-003	-7.47248E-003	9.66764E-005	...........	-327.63
	164	41.25	-7.47311E-003	-7.52788E-003	1.00076E-004	...........	-327.63
	165	41.5	-7.47952E-003	-7.53653E-003	1.03876E-004	...........	-327.63
	166	41.75	-7.49453E-003	-7.60628E-003	9.88764E-005	...........	-327.63
	167	42	-7.51863E-003	-7.60701E-003	9.66764E-005	...........	-327.63
	168	42.25	-7.54959E-003	-7.66456E-003	9.20764E-005	...........	-327.63
	169	42.5	-7.58290E-003	-7.64668E-003	9.37431E-005	...........	-327.63
	170	42.75	-7.61372E-003	-7.68644E-003	9.28097E-005	...........	-327.63
	171	43	-7.63831E-003	-7.64725E-003	9.22764E-005	...........	-327.63
	172	43.25	-7.65442E-003	-7.66802E-003	9.62098E-005	...........	-327.63
	173	43.5	-7.66086E-003	-7.60426E-003	9.52764E-005	...........	-327.63
	174	43.75	-7.65710E-003	-7.61055E-003	9.08764E-005	...........	-327.63
	175	44	-7.64318E-003	-7.53007E-003	9.35431E-005	...........	-327.63
	176	44.25	-7.61999E-003	-7.53308E-003	9.24764E-005	...........	-327.63
	177	44.5	-7.58932E-003	-7.45141E-003	8.96764E-005	...........	-327.63
	178	44.75	-7.55375E-003	-7.45910E-003	9.16764E-005	...........	-327.63
	179	45	-7.51583E-003	-7.37300E-003	9.72764E-005	...........	-327.63
	180	45.25	-7.47722E-003	-7.38184E-003	9.16764E-005	...........	-327.63
	181	45.5	-7.43889E-003	-7.31574E-003	9.54764E-005	...........	-327.63
	182	45.75	-7.40290E-003	-7.36260E-003	9.30097E-005	...........	-327.63
	183	46	-7.37398E-003	-7.35845E-003	9.67431E-005	...........	-327.63
	184	46.25	-7.35954E-003	-7.47957E-003	9.68097E-005	...........	-327.63
	185	46.5	-7.36741E-003	-7.51207E-003	9.80764E-005	...........	-327.63
	186	46.75	-7.40080E-003	-7.61500E-003	9.56764E-005	...........	-327.63
	187	47	-7.45390E-003	-7.59322E-003	9.50764E-005	...........	-327.63
	188	47.25	-7.51303E-003	-7.64441E-003	9.47431E-005	...........	-327.63
	189	47.5	-7.56309E-003	-7.57109E-003	9.33431E-005	...........	-327.63
	190	47.75	-7.59361E-003	-7.58271E-003	9.49431E-005	...........	-327.63
	191	48	-7.60087E-003	-7.49238E-003	9.66764E-005	...........	-327.63
	192	48.25	-7.58693E-003	-7.49050E-003	8.86764E-005	...........	-327.63
	193	48.5	-7.55702E-003	-7.39432E-003	9.48764E-005	...........	-327.63
	194	48.75	-7.51701E-003	-7.40382E-003	9.15431E-005	...........	-327.63
	195	49	-7.47253E-003	-7.32406E-003	9.46097E-005	...........	-327.63
	196	49.25	-7.42861E-003	-7.34394E-003	9.44764E-005	...........	-327.63
	197	49.5	-7.38881E-003	-7.27425E-003	9.86764E-005	...........	-327.63
	198	49.75	-7.35468E-003	-7.30616E-003	9.42098E-005	...........	-327.63
	199	50	-7.32664E-003	-7.25442E-003	9.44098E-005	...........	-327.63
	200	50.25	-7.30506E-003	-7.30069E-003	9.43431E-005	...........	-327.63
	201	50.5	-7.29068E-003	-7.27430E-003	9.57431E-005	...........	-327.63
	202	50.75	-7.28468E-003	-7.34350E-003	9.43431E-005	...........	-327.63
	203	51	-7.28794E-003	-7.31294E-003	1.01210E-004	...........	-327.63
	204	51.25	-7.29927E-003	-7.37220E-003	9.06764E-005	...........	-327.63
	205	51.5	-7.31557E-003	-7.36484E-003	9.38764E-005	...........	-327.63
	206	51.75	-7.33566E-003	-7.47607E-003	9.36097E-005	...........	-327.63
	207	52	-7.36336E-003	-7.52137E-003	9.64764E-005	...........	-327.63
	208	52.25	-7.40513E-003	-7.64862E-003	9.06098E-005	...........	-327.63
	209	52.5	-7.46358E-003	-7.66284E-003	8.79431E-005	...........	-327.63
	210	52.75	-7.53306E-003	-7.73274E-003	8.73431E-005	...........	-327.63
	211	53	-7.60133E-003	-7.69407E-003	8.54764E-005	...........	-327.63
	212	53.25	-7.65581E-003	-7.71755E-003	8.64097E-005	...........	-327.63
	213	53.5	-7.68900E-003	-7.65584E-003	8.90764E-005	...........	-327.63
	214	53.75	-7.70034E-003	-7.67890E-003	9.00764E-005	...........	-327.63
	215	54	-7.69525E-003	-7.63479E-003	8.82098E-005	...........	-327.63
	216	54.25	-7.68201E-003	-7.66420E-003	8.66764E-005	...........	-327.63
	217	54.5	-7.66766E-003	-7.61475E-003	9.04098E-005	...........	-327.63
	218	54.75	-7.65494E-003	-7.62664E-003	9.02764E-005	...........	-327.63
	219	55	-7.64243E-003	-7.56806E-003	9.05431E-005	...........	-327.63
	220	55.25	-7.62749E-003	-7.58081E-003	9.42764E-005	...........	-327.63
	221	55.5	-7.60905E-003	-7.52432E-003	9.69431E-005	...........	-327.63
	222	55.75	-7.58799E-003	-7.53528E-003	9.44098E-005	...........	-327.63
	223	56	-7.56575E-003	-7.48172E-003	9.14764E-005	...........	-327.63
	224	56.25	-7.54332E-003	-7.49134E-003	8.74764E-005	...........	-327.63
	225	56.5	-7.52127E-003	-7.44637E-003	9.06764E-005	...........	-327.63
	226	56.75	-7.50010E-003	-7.45439E-003	8.92097E-005	...........	-327.63
	227	57	-7.48013E-003	-7.41248E-003	9.21431E-005	...........	-327.63
	228	57.25	-7.46148E-003	-7.42669E-003	9.30097E-005	...........	-327.63
	229	57.5	-7.44452E-003	-7.39888E-003	9.40764E-005	...........	-327.63
	230	57.75	-7.43022E-003	-7.41727E-003	9.14764E-005	...........	-327.63
	231	58	-7.41929E-003	-7.38658E-003	9.36764E-005	...........	-327.63
	232	58.25	-7.41136E-003	-7.40953E-003	9.34764E-005	...........	-327.63
	233	58.5	-7.40560E-003	-7.38932E-003	9.02097E-005	...........	-327.63
	234	58.75	-7.40206E-003	-7.42473E-003	9.24098E-005	...........	-327.63
	235	59	-7.40187E-003	-7.41787E-003	9.26098E-005	...........	-327.63
	236	59.25	-7.40611E-003	-7.44824E-003	8.81431E-005	...........	-327.63
	237	59.5	-7.41434E-003	-7.43204E-003	8.50764E-005	...........	-327.63
	238	59.75	-7.42431E-003	-7.45769E-003	8.81431E-005	...........	-327.63
	239	60	-7.43349E-003	-7.43756E-003	8.86098E-005	...........	-327.63
	240	60.25	-7.44056E-003	-7.46510E-003	9.38098E-005	...........	-327.63
	241	60.5	-7.44575E-003	-7.45121E-003	9.32098E-005	...........	-327.63
	242	60.75	-7.45005E-003	-7.46518E-003	9.14097E-005	...........	-327.63
	243	61	-7.45351E-003	-7.43765E-003	8.88098E-005	...........	-327.63
	244	61.25	-7.45451E-003	-7.43564E-003	8.58098E-005	...........	-327.63
	245	61.5	-7.45093E-003	-7.40177E-003	8.92764E-005	...........	-327.63
	246	61.75	-7.44172E-003	-7.39348E-003	8.96098E-005	...........	-327.63
	247	62	-7.42727E-003	-7.35629E-003	9.58764E-005	...........	-327.63
	248	62.25	-7.40898E-003	-7.35640E-003	9.28097E-005	...........	-327.63
	249	62.5	-7.38887E-003	-7.32182E-003	9.53431E-005	...........	-327.63
	250	62.75	-7.36884E-003	-7.32149E-003	9.24098E-005	...........	-327.63
	251	63	-7.35006E-003	-7.29982E-003	9.83431E-005	...........	-327.63
	252	63.25	-7.33330E-003	-7.30155E-003	9.88098E-005	...........	-327.63
	253	63.5	-7.31946E-003	-7.30305E-003	9.85431E-005	...........	-327.63
	254	63.75	-7.31042E-003	-7.34211E-003	9.38098E-005	...........	-327.63
	255	64	-7.30959E-003	-7.37344E-003	9.81431E-005	...........	-327.63
	256	64.25	-7.32098E-003	-7.45318E-003	8.78097E-005	...........	-327.63
	257	64.5	-7.34766E-003	-7.51447E-003	9.23431E-005	...........	-327.63
	258	64.75	-7.39026E-003	-7.57714E-003	9.23431E-005	...........	-327.63
	259	65	-7.44516E-003	-7.62970E-003	8.60097E-005	...........	-327.63
	260	65.25	-7.50599E-003	-7.69766E-003	8.30764E-005	...........	-327.63
	261	65.5	-7.56759E-003	-7.73944E-003	8.63431E-005	...........	-327.63
	262	65.75	-7.62671E-003	-7.76106E-003	8.96098E-005	...........	-327.63
	263	66	-7.67903E-003	-7.75367E-003	9.09431E-005	...........	-327.63
	264	66.25	-7.71887E-003	-7.75883E-003	8.82764E-005	...........	-327.63
	265	66.5	-7.74343E-003	-7.76453E-003	9.06098E-005	...........	-327.63
	266	66.75	-7.75560E-003	-7.76809E-003	9.04098E-005	...........	-327.63
	267	67	-7.76076E-003	-7.74733E-003	8.90764E-005	...........	-327.63
	268	67.25	-7.76122E-003	-7.71743E-003	8.60097E-005	...........	-327.63
	269	67.5	-7.75517E-003	-7.68815E-003	8.38097E-005	...........	-327.63
	270	67.75	-7.74077E-003	-7.66976E-003	8.74764E-005	...........	-327.63
	271	68	-7.71998E-003	-7.66492E-003	9.02764E-005	...........	-327.63
	272	68.25	-7.69860E-003	-7.68442E-003	8.62098E-005	...........	-327.63
	273	68.5	-7.68398E-003	-7.72271E-003	8.50764E-005	...........	-327.63
	274	68.75	-7.68231E-003	-7.76113E-003	8.98097E-005	...........	-327.63
	275	69	-7.69560E-003	-7.77824E-003	9.08097E-005	...........	-327.63
	276	69.25	-7.71894E-003	-7.75352E-003	8.73431E-005	...........	-327.63
	277	69.5	-7.74123E-003	-7.72029E-003	8.21431E-005	...........	-327.63
	278	69.75	-7.75053E-003	-7.66341E-003	8.78764E-005	...........	-327.63
	279	70	-7.74044E-003	-7.62433E-003	9.14097E-005	...........	-327.63
	280	70.25	-7.71221E-003	-7.56997E-003	9.22098E-005	...........	-327.63
	281	70.5	-7.67211E-003	-7.54019E-003	9.17431E-005	...........	-327.63
	282	70.75	-7.62748E-003	-7.50372E-003	8.48098E-005	...........	-327.63
	283	71	-7.58446E-003	-7.49804E-003	9.14097E-005	...........	-327.63
	284	71.25	-7.54737E-003	-7.47013E-003	8.92764E-005	...........	-327.63
	285	71.5	-7.51812E-003	-7.47195E-003	8.84764E-005	...........	-327.63
	286	71.75	-7.49617E-003	-7.44724E-003	8.89431E-005	...........	-327.63
	287	72	-7.47952E-003	-7.44565E-003	8.66764E-005	...........	-327.63
	288	72.25	-7.46578E-003	-7.41845E-003	8.71431E-005	...........	-327.63
	289	72.5	-7.45292E-003	-7.41930E-003	8.80764E-005	...........	-327.63
	290	72.75	-7.43986E-003	-7.38814E-003	8.91431E-005	...........	-327.63
	291	73	-7.42624E-003	-7.38912E-003	8.97431E-005	...........	-327.63
	292	73.25	-7.41213E-003	-7.36387E-003	8.91431E-005	...........	-327.63
	293	73.5	-7.39818E-003	-7.37429E-003	8.89431E-005	...........	-327.63
	294	73.75	-7.38556E-003	-7.35030E-003	8.88098E-005	...........	-327.63
	295	74	-7.37531E-003	-7.37228E-003	8.99431E-005	...........	-327.63
	296	74.25	-7.36846E-003	-7.37593E-003	8.79431E-005	...........	-327.63
	297	74.5	-7.36739E-003	-7.43562E-003	8.62764E-005	...........	-327.63
	298	74.75	-7.37662E-003	-7.50810E-003	9.14764E-005	...........	-327.63
	299	75	-7.40257E-003	-7.62058E-003	8.90097E-005	...........	-327.63
	300	75.25	-7.45020E-003	-7.68463E-003	8.28764E-005	...........	-327.63
	301	75.5	-7.51698E-003	-7.72681E-003	8.55431E-005	...........	-327.63
	302	75.75	-7.58955E-003	-7.68074E-003	8.55431E-005	...........	-327.63
	303	76	-7.64764E-003	-7.62652E-003	8.50097E-005	...........	-327.63
	304	76.25	-7.67359E-003	-7.53630E-003	8.96764E-005	...........	-327.63
	305	76.5	-7.66146E-003	-7.50015E-003	9.18098E-005	...........	-327.63
	306	76.75	-7.61969E-003	-7.45209E-003	8.20097E-005	...........	-327.63
	307	77	-7.56533E-003	-7.44919E-003	8.49431E-005	...........	-327.63
	308	77.25	-7.51439E-003	-7.42417E-003	8.64764E-005	...........	-327.63
	309	77.5	-7.47561E-003	-7.43498E-003	8.27431E-005	...........	-327.63
	310	77.75	-7.45039E-003	-7.41528E-003	8.89431E-005	...........	-327.63
	311	78	-7.43588E-003	-7.43102E-003	8.78097E-005	...........	-327.63
	312	78.25	-7.42817E-003	-7.40910E-003	9.12097E-005	...........	-327.63
	313	78.5	-7.42409E-003	-7.43051E-003	8.52764E-005	...........	-327.63
	314	78.75	-7.42188E-003	-7.41442E-003	8.53431E-005	...........	-327.63
	315	79	-7.42103E-003	-7.43073E-003	8.40097E-005	...........	-327.63
	316	79.25	-7.42094E-003	-7.40009E-003	8.83431E-005	...........	-327.63
	317	79.5	-7.41975E-003	-7.39791E-003	8.76097E-005	...........	-327.63
	318	79.75	-7.41468E-003	-7.35248E-003	8.95431E-005	...........	-327.63
	319	80	-7.40348E-003	-7.34279E-003	9.18764E-005	...........	-327.63
	320	80.25	-7.38573E-003	-7.30070E-003	8.84764E-005	...........	-327.63
	321	80.5	-7.36322E-003	-7.30391E-003	8.82764E-005	...........	-327.63
	322	80.75	-7.33905E-003	-7.25853E-003	9.26764E-005	...........	-327.63
	323	81	-7.31559E-003	-7.26129E-003	8.76764E-005	...........	-327.63
	324	81.25	-7.29366E-003	-7.22994E-003	9.01431E-005	...........	-327.63
	325	81.5	-7.27373E-003	-7.23907E-003	8.69431E-005	...........	-327.63
	326	81.75	-7.25665E-003	-7.21439E-003	8.77431E-005	...........	-327.63
	327	82	-7.24304E-003	-7.22958E-003	8.90097E-005	...........	-327.63
	328	82.25	-7.23295E-003	-7.20883E-003	8.70098E-005	...........	-327.63
	329	82.5	-7.22604E-003	-7.22830E-003	8.52098E-005	...........	-327.63
	330	82.75	-7.22162E-003	-7.20001E-003	8.79431E-005	...........	-327.63
	331	83	-7.21831E-003	-7.20866E-003	8.62098E-005	...........	-327.63
	332	83.25	-7.21401E-003	-7.16972E-003	8.52098E-005	...........	-327.63
	333	83.5	-7.20682E-003	-7.17901E-003	8.24098E-005	...........	-327.63
	334	83.75	-7.19606E-003	-7.13282E-003	8.26098E-005	...........	-327.63
	335	84	-7.18225E-003	-7.14865E-003	8.62764E-005	...........	-327.63
	336	84.25	-7.16685E-003	-7.11337E-003	8.60764E-005	...........	-327.63
	337	84.5	-7.15197E-003	-7.13707E-003	8.12764E-005	...........	-327.63
	338	84.75	-7.13985E-003	-7.11967E-003	8.42764E-005	...........	-327.63
	339	85	-7.13233E-003	-7.15358E-003	8.26764E-005	...........	-327.63
	340	85.25	-7.13046E-003	-7.14013E-003	8.68098E-005	...........	-327.63
	341	85.5	-7.13401E-003	-7.17719E-003	8.18764E-005	...........	-327.63
	342	85.75	-7.14143E-003	-7.14991E-003	8.34097E-005	...........	-327.63
	343	86	-7.15019E-003	-7.18179E-003	7.90764E-005	...........	-327.63
	344	86.25	-7.15753E-003	-7.14014E-003	8.65431E-005	...........	-327.63
	345	86.5	-7.16139E-003	-7.16540E-003	8.22097E-005	...........	-327.63
	346	86.75	-7.16076E-003	-7.11896E-003	8.45431E-005	...........	-327.63
	347	87	-7.15590E-003	-7.14617E-003	8.39431E-005	...........	-327.63
	348	87.25	-7.14820E-003	-7.10859E-003	8.56764E-005	...........	-327.63
	349	87.5	-7.13968E-003	-7.13452E-003	8.54764E-005	...........	-327.63
	350	87.75	-7.13175E-003	-7.09131E-003	8.58764E-005	...........	-327.63
	351	88	-7.12450E-003	-7.12213E-003	8.30098E-005	...........	-327.63
	352	88.25	-7.11743E-003	-7.07335E-003	9.05431E-005	...........	-327.63
	353	88.5	-7.11020E-003	-7.10902E-003	8.26098E-005	...........	-327.63
	354	88.75	-7.10288E-003	-7.06335E-003	9.00098E-005	...........	-327.63
	355	89	-7.09587E-003	-7.09647E-003	8.28764E-005	...........	-327.63
	356	89.25	-7.08940E-003	-7.05172E-003	8.63431E-005	...........	-327.63
	357	89.5	-7.08347E-003	-7.09192E-003	8.38764E-005	...........	-327.63
	358	89.75	-7.07827E-003	-7.04640E-003	8.52764E-005	...........	-327.63
	359	90	-7.07413E-003	-7.08971E-003	8.24098E-005	...........	-327.63
	360	90.25	-7.07109E-003	-7.04309E-003	8.97431E-005	...........	-327.63
	361	90.5	-7.06891E-003	-7.08660E-003	8.76097E-005	...........	-327.63
	362	90.75	-7.06722E-003	-7.04075E-003	8.51431E-005	...........	-327.63
	363	91	-7.06583E-003	-7.08800E-003	8.61431E-005	...........	-327.63
	364	91.25	-7.06493E-003	-7.04544E-003	8.68098E-005	...........	-327.63
	365	91.5	-7.06499E-003	-7.09648E-003	8.80764E-005	...........	-327.63
	366	91.75	-7.06620E-003	-7.04506E-003	8.44764E-005	...........	-327.63
	367	92	-7.06784E-003	-7.08582E-003	8.73431E-005	...........	-327.63
	368	92.25	-7.06813E-003	-7.02275E-003	8.26098E-005	...........	-327.63
	369	92.5	-7.06518E-003	-7.05765E-003	8.51431E-005	...........	-327.63
	370	92.75	-7.05801E-003	-6.98898E-003	8.39431E-005	...........	-327.63
	371	93	-7.04680E-003	-7.02598E-003	8.54764E-005	...........	-327.63
	372	93.25	-7.03285E-003	-6.96456E-003	8.44098E-005	...........	-327.63
	373	93.5	-7.01808E-003	-7.00553E-003	8.62098E-005	...........	-327.63
	374	93.75	-7.00444E-003	-6.95772E-003	8.78097E-005	...........	-327.63
	375	94	-6.99380E-003	-7.01716E-003	8.60097E-005	...........	-327.63
	376	94.25	-6.98791E-003	-6.97444E-003	8.53431E-005	...........	-327.63
	377	94.5	-6.98749E-003	-7.03031E-003	8.78097E-005	...........	-327.63
	378	94.75	-6.99140E-003	-6.98549E-003	8.98764E-005	...........	-327.63
	379	95	-6.99724E-003	-7.03090E-003	8.83431E-005	...........	-327.63
	380	95.25	-7.00235E-003	-6.97085E-003	8.64097E-005	...........	-327.63
	381	95.5	-7.00428E-003	-7.00730E-003	8.79431E-005	...........	-327.63
	382	95.75	-7.00153E-003	-6.94595E-003	7.94098E-005	...........	-327.63
	383	96	-6.99436E-003	-6.98859E-003	8.47431E-005	...........	-327.63
	384	96.25	-6.98464E-003	-6.93352E-003	7.88098E-005	...........	-327.63
	385	96.5	-6.97467E-003	-6.97383E-003	8.35431E-005	...........	-327.63
	386	96.75	-6.96587E-003	-6.92653E-003	8.26764E-005	...........	-327.63
	387	97	-6.95874E-003	-6.96851E-003	8.16097E-005	...........	-327.63
	388	97.25	-6.95334E-003	-6.92094E-003	8.48098E-005	...........	-327.63
	389	97.5	-6.94928E-003	-6.95928E-003	8.23431E-005	...........	-327.63
	390	97.75	-6.94583E-003	-6.91476E-003	8.00097E-005	...........	-327.63
	391	98	-6.94235E-003	-6.94721E-003	7.86764E-005	...........	-327.63
	392	98.25	-6.93849E-003	-6.90766E-003	8.14098E-005	...........	-327.63
	393	98.5	-6.93442E-003	-6.94675E-003	7.65431E-005	...........	-327.63
	394	98.75	-6.93107E-003	-6.91779E-003	8.02764E-005	...........	-327.63
	395	99	-6.92945E-003	-6.94109E-003	7.91431E-005	...........	-327.63
	396	99.25	-6.92880E-003	-6.89171E-003	8.04764E-005	...........	-327.63
	397	99.5	-6.92636E-003	-6.90884E-003	8.45431E-005	...........	-327.63
	398	99.75	-6.91963E-003	-6.86255E-003	8.55431E-005	...........	-327.63
	399	100	-6.90853E-003	-6.87796E-003	8.32098E-005	...........	-327.63
EOC	QUANT	-0.0069085	Open Circuit (V)
PSTATMODEL	IQUANT	5	Pstat Model
PSTATSECTION	LABEL	REF3000-20110	Pstat Section
PSTATSERIALNO	LABEL	20110	Pstat Serial Number
CTRLMODE	IQUANT	0	Control Mode
ELECTROMETER	IQUANT	0	RE=0 or CS=1
IESTAB	IQUANT	0	I/E Stability
CASPEED	IQUANT	4	Control Amp Speed
CONVENTION	IQUANT	1	Current Convention
ICHRANGE	IQUANT	2	Ich Range
ICHRANGEMODE	TOGGLE	F	Ich Auto Range
ICHOFFSETENABLE	TOGGLE	T	Ich Offset Enable
ICHOFFSET	QUANT	0	Ich Offset (V)
ICHFILTER	IQUANT	3	Ich Filter
VCHRANGE	IQUANT	2	Vch Range
VCHRANGEMODE	TOGGLE	F	Vch Auto Range
VCHOFFSETENABLE	TOGGLE	T	Vch Offset Enable
VCHOFFSET	QUANT	0	Vch Offset (V)
VCHFILTER	IQUANT	3	Vch Filter
ACHRANGE	IQUANT	2	Ach Range
ACHOFFSETENABLE	TOGGLE	F	Ach Offset Enable
ACHOFFSET	QUANT	0	Ach Offset (V)
ACHFILTER	IQUANT	1	Ach Filter
IERANGELOWERLIMIT	IQUANT	2	I/E Range Lower Limit
IERANGEMODE	TOGGLE	F	I/E AutoRange
IERANGE	IQUANT	11	I/E Range
POSFEEDENABLE	TOGGLE	F	Positive Feedback IR Comp
POSFEEDRESISTANCE	QUANT	0	Positive Feedback Resistance (ohm)
ACHSELECT	IQUANT	4	Ach Select
SENSECABLEID	IQUANT	14	Sense Cable ID
PWRCABLEID	IQUANT	7	Power Cable ID
DCCALDATE	LABEL	8/9/2022	DC Calibration Date
ACCALDATE	LABEL	8/9/2022	AC Calibration Date
THERMOSELECT	IQUANT	1	Thermo Select
FRAMEWORKVERSION	LABEL	7.9.0	Framework Version
INSTRUMENTVERSION	LABEL	4.60	Instrument Version
COMPLIANCEVOLTAGE	IQUANT	0	Compliance Voltage
ZCURVE	TABLE
	Pt	Time	Freq	Zreal	Zimag	Zsig	Zmod	Zphz	Idc	Vdc	IERange
	#	s	Hz	ohm	ohm	V	ohm	°	A	V	#
	0	6	1000078	1.790706	-9.223867	1	9.396082	-79.01336	3.963694E-006	-0.0090145	9
	1	8	794390.6	2.017306	-7.424438	1	7.69362	-74.79906	1.694118E-006	-0.0156055	9
	2	10	630984.4	2.343013	-6.12424	1	6.557136	-69.06414	-1.566127E-006	-0.0259469	9
	3	11	501234.4	2.598328	-4.969252	1	5.607564	-62.39578	-1.122823E-006	-0.0367648	9
	4	13	398109.4	2.740252	-3.930846	1	4.791715	-55.11906	-1.473393E-006	-0.046895	9
	5	14	316265.6	2.823101	-3.116086	1	4.204746	-47.82417	-3.317577E-006	-0.063696	9
	6	16	251203.1	2.827814	-2.47908	1	3.760635	-41.24031	2.609728E-006	-0.0422362	9
	7	18	199546.9	2.864466	-1.973788	1	3.47865	-34.56917	-3.695144E-006	-0.0843607	9
	8	19	158578.1	2.862707	-1.614911	1	3.286796	-29.42822	-2.745015E-006	-0.0847033	9
	9	21	125953.1	2.874578	-1.294428	1	3.152577	-24.24214	1.409973E-006	-0.0984645	9
	10	23	100078.1	2.919515	-1.039055	1	3.098903	-19.59064	-2.683991E-006	-0.1189255	9
	11	24	79453.13	2.901239	-0.8677229	1	3.028223	-16.65124	-2.354047E-006	-0.1395567	9
	12	26	63140.62	2.907221	-0.733484	1	2.998322	-14.16006	-2.469815E-006	-0.1520093	9
	13	28	50203.12	2.909443	-0.6392051	1	2.978832	-12.39103	-1.555825E-006	-0.150359	9
	14	29	39890.62	2.910065	-0.5778741	1	2.966887	-11.23156	-2.884737E-006	-0.1691831	9
	15	31	31640.63	2.914542	-0.5365854	1	2.963525	-10.4317	-1.560413E-006	-0.1630884	9
	16	33	25171.88	2.916844	-0.5322101	1	2.965001	-10.34049	-3.012178E-006	-0.1767081	9
	17	34	20015.62	2.917451	-0.5639119	1	2.97145	-10.93975	-1.815721E-006	-0.1697282	9
	18	36	15890.62	2.935959	-0.604924	1	2.997631	-11.64228	-1.535373E-006	-0.1709201	9
	19	37	12609.38	2.935867	-0.6687498	1	3.01107	-12.83223	-1.576753E-006	-0.1743561	9
	20	38	10078.13	2.953147	-0.794314	1	3.058106	-15.05466	-2.629546E-006	-0.1836204	9
	21	40	8015.625	2.964921	-0.9447155	1	3.111791	-17.67349	-2.621868E-006	-0.1868166	9
	22	42	6328.125	2.973712	-1.160527	1	3.192144	-21.31882	-1.564295E-006	-0.1749461	9
	23	43	5015.625	2.999177	-1.412161	1	3.315006	-25.21338	-2.621275E-006	-0.1813697	9
	24	45	3984.375	3.008032	-1.719631	1	3.464879	-29.75573	-2.540593E-006	-0.1880589	9
	25	46	3170.956	3.052126	-2.114297	1	3.712913	-34.71149	-2.579186E-006	-0.1825113	9
	26	48	2527.573	3.083582	-2.620175	1	4.046454	-40.35516	-2.100467E-006	-0.1825915	9
	27	49	1976.103	3.134628	-3.307506	1	4.556917	-46.53719	-1.658421E-006	-0.1849302	9
	28	51	1577.524	3.179574	-4.098619	1	5.187327	-52.19687	-2.457901E-006	-0.1939316	9
	29	52	1265.625	3.249064	-5.051127	1	6.005856	-57.24944	-1.92232E-006	-0.191729	9
	30	54	998.264	3.312996	-6.333154	1	7.147362	-62.38506	-1.637774E-006	-0.1899107	9
	31	55	796.875	3.423933	-7.863244	1	8.576358	-66.46999	-2.616662E-006	-0.2033488	9
	32	57	627.7902	3.523299	-9.88262	1	10.49189	-70.37811	-2.752296E-006	-0.193206	9
	33	58	505.5147	3.673645	-12.19472	1	12.73604	-73.23513	-2.225995E-006	-0.2022914	9
	34	59	397.9953	3.940701	-14.99924	1	15.50827	-75.27955	-2.182872E-006	-0.1789682	9
	35	61	315.5048	4.25203	-18.40488	1	18.88967	-76.99135	-2.263609E-006	-0.1714397	9
	36	62	252.4038	4.442483	-23.41109	1	23.82886	-79.25532	-2.236084E-006	-0.1949562	9
	37	64	198.6229	4.813698	-29.36937	1	29.76124	-80.69187	-2.194923E-006	-0.2126548	9
	38	65	158.3615	5.366219	-36.13232	1	36.52863	-81.55242	-2.244358E-006	-0.2087657	9
	39	67	125.558	6.185555	-44.21085	1	44.64146	-82.03542	-2.207525E-006	-0.2093989	9
	40	68	100.4464	7.179175	-53.2804	1	53.7619	-82.326	-2.306629E-006	-0.2316538	9
	41	69	79.00281	8.913187	-58.46564	1	59.14115	-81.3319	-2.26571E-006	-0.1707375	9
	42	71	63.3446	10.61245	-74.04675	1	74.80338	-81.84386	-2.257315E-006	-0.2096371	9
	43	73	50.22321	12.7883	-70.35431	1	71.50713	-79.69783	-2.268686E-006	-0.1366741	9
	44	75	38.42213	15.31562	-84.94673	1	86.31637	-79.77956	-2.240684E-006	-0.1356988	9
	45	76	31.25	17.56928	-102.1524	1	103.6523	-80.24113	-2.318426E-006	-0.1495874	9
	46	78	24.93351	20.96473	-126.6003	1	128.3244	-80.59727	-2.247915E-006	-0.1802343	9
	47	79	19.86229	26.24806	-123.2111	1	125.9759	-77.97387	-1.935386E-006	-0.1080537	9
	48	81	15.625	31.47214	-131.1186	1	134.8428	-76.50275	-2.319596E-006	-0.104118	9
	49	82	12.40079	41.93027	-194.0751	1	198.553	-77.80853	-2.362674E-006	-0.2644689	9
	50	84	9.93114	39.74456	-137.9218	1	143.5342	-73.92475	-2.208547E-006	-0.1026797	9
	51	85	7.944915	48.90738	-199.3057	1	205.2186	-76.21269	-2.063764E-006	-0.172422	9
	52	87	6.317385	46.67713	-167.264	1	173.6548	-74.40757	-1.71021E-006	-0.1293673	9
	53	90	5.008013	40.29174	-61.02299	1	73.12475	-56.56435	-2.533155E-006	-0.0322716	9
	54	92	3.945707	42.61119	-54.80513	1	69.4213	-52.1348	-2.393885E-006	-0.028432	9
	55	95	3.158693	45.6842	-110.6175	1	119.6799	-67.55975	-1.625861E-006	-0.0722094	9
	56	99	2.504006	36.23892	-6.886995	1	36.88753	-10.76041	-2.540455E-006	0.0061399	9
	57	103	1.998082	37.84036	-6.612031	1	38.41369	-9.91151	-3.441468E-006	0.00449	9
	58	107	1.584686	39.90941	-40.30403	1	56.72015	-45.28187	-6.309683E-007	-0.0183611	9
	59	113	1.266892	37.82224	-6.822147	1	38.43258	-10.22473	-3.39656E-006	0.0056635	9
	60	120	0.999041	46.26517	-107.4056	1	116.9463	-66.69595	-2.899312E-006	-0.0688621	9
	61	127	0.7923428	26.64737	-5.14566	1	27.13964	-10.92941	-1.838083E-006	0.0096159	9
	62	134	0.6334459	27.05453	-4.793828	1	27.47596	-10.04802	-1.878296E-006	0.0092346	9
	63	143	0.5040323	27.54456	-4.53926	1	27.91608	-9.35806	-1.847082E-006	0.0090007	9
	64	155	0.400641	28.13257	-4.50989	1	28.49176	-9.107511	-1.8633E-006	0.008675	9
	65	168	0.316723	28.79593	-4.553831	1	29.15378	-8.986421	-1.820114E-006	0.0083642	9
	66	185	0.2520161	29.68346	-4.694674	1	30.05242	-8.987336	-1.834751E-006	0.0080775	9
	67	206	0.2003205	30.83364	-5.218314	1	31.2721	-9.60577	-1.81487E-006	0.0077447	9
	68	232	0.1588983	30.47643	-7.823762	1	31.46464	-14.39779	-1.890801E-006	0.0070691	9
	69	264	0.1260081	24.62971	-3.677377	1	24.90272	-8.491905	-1.864909E-006	0.0107379	9
	70	302	0.1001603	21.40296	-3.075821	1	21.62284	-8.177989	-1.850473E-006	0.0121173	9
	71	348	0.0794492	20.23508	-2.99845	1	20.45603	-8.428799	-1.85751E-006	0.0126741	9
	72	400	0.0631739	20.08346	-3.110312	1	20.32288	-8.803422	-1.8899E-006	0.0124558	9
	73	464	0.0501337	20.12787	-3.047337	1	20.35724	-8.609135	-1.92865E-006	0.0124409	9
	74	545	0.0398258	20.30352	-2.96684	1	20.51914	-8.313475	-1.958122E-006	0.012484	9
	75	647	0.0316296	20.73816	-2.996603	1	20.95354	-8.22216	-1.967275E-006	0.0126013	9
	76	774	0.0251206	22.99927	-6.161723	1	23.81036	-14.99788	-1.970111E-006	0.0151646	9
	77	935	0.0199553	27.3866	-12.31386	1	30.02761	-24.21016	-2.305123E-006	0.0207314	9
	78	1136	0.0158522	29.76939	-15.58308	1	33.60133	-27.63025	-2.049235E-006	0.0237425	9
	79	1390	0.0125907	30.61711	-16.82244	1	34.93425	-28.7864	-2.047865E-006	0.0249128	9
	80	1709	0.0100011	31.61829	-17.67093	1	36.22124	-29.20009	-2.007608E-006	0.0258997	9
