EXPLAIN
TAG	GALVEIS
TITLE	LABEL	Galvanostatic EIS	Test &Identifier
DATE	LABEL	12-12-2022	Date
TIME	LABEL	10:28:58	Time
NOTES	NOTES	1	&Notes...
	
PSTAT	PSTAT	REF3000-20110	Potentiostat
IDCREQ	QUANT	0.00000E+000	DC &Current (A)
FREQINIT	QUANT	1.00000E+005	Initial Fre&q. (Hz)
FREQFINAL	QUANT	1.00000E+000	Final Fre&q. (Hz)
PTSPERDEC	QUANT	1.00000E+001	Points/&decade
IACREQ	QUANT	1.00000E-003	AC &Current (A rms)
AREA	QUANT	1.00000E+000	&Area (cm^2)
CONDIT	TWOPARAM	F	1.50000E+001	0.00000E+000	Conditionin&g	Time(s)	E(V)
DELAY	TWOPARAM	T	1.00000E+002	0.00000E+000	Init. De&lay	Time(s)	Stab.(mV/s)
SPEED	SELECTOR	1	&Optimize for:
THD	SELECTOR	0	T&HD
DRIFTCOR	SELECTOR	0	&Drift Correction
ZGUESS	QUANT	1.00000E+002	E&stimated Z (ohms)
OCVCURVE	TABLE	400
	Pt	T	Vf	Vm	Ach	Over	Temp
	#	s	V vs. Ref.	V	V	bits	deg C
	0	0.25	-1.73168E-003	-1.73168E-003	3.73010E-004	...........	-327.63
	1	0.5	-1.73177E-003	-1.73612E-003	2.73076E-004	...........	-327.63
	2	0.75	-1.73121E-003	-1.68398E-003	3.74943E-004	...........	-327.63
	3	1	-1.72701E-003	-1.68390E-003	2.73943E-004	...........	-327.63
	4	1.25	-1.71590E-003	-1.63966E-003	3.67543E-004	...........	-327.63
	5	1.5	-1.69811E-003	-1.64510E-003	2.74343E-004	...........	-327.63
	6	1.75	-1.67733E-003	-1.62271E-003	3.75210E-004	...........	-327.63
	7	2	-1.65803E-003	-1.63319E-003	2.80076E-004	...........	-327.63
	8	2.25	-1.64278E-003	-1.59589E-003	3.63876E-004	...........	-327.63
	9	2.5	-1.63046E-003	-1.58578E-003	2.72143E-004	...........	-327.63
	10	2.75	-1.61743E-003	-1.55067E-003	3.71743E-004	...........	-327.63
	11	3	-1.60103E-003	-1.54368E-003	2.73810E-004	...........	-327.63
	12	3.25	-1.58129E-003	-1.50172E-003	3.71810E-004	...........	-327.63
	13	3.5	-1.55935E-003	-1.49093E-003	2.70543E-004	...........	-327.63
	14	3.75	-1.53611E-003	-1.46431E-003	3.74410E-004	...........	-327.63
	15	4	-1.51279E-003	-1.45437E-003	2.74943E-004	...........	-327.63
	16	4.25	-1.49081E-003	-1.42943E-003	3.67076E-004	...........	-327.63
	17	4.5	-1.47080E-003	-1.42413E-003	2.70543E-004	...........	-327.63
	18	4.75	-1.45301E-003	-1.41662E-003	3.74543E-004	...........	-327.63
	19	5	-1.43868E-003	-1.44162E-003	2.64143E-004	...........	-327.63
	20	5.25	-1.43047E-003	-1.44897E-003	3.67343E-004	...........	-327.63
	21	5.5	-1.43007E-003	-1.44836E-003	2.71476E-004	...........	-327.63
	22	5.75	-1.43509E-003	-1.43418E-003	3.66610E-004	...........	-327.63
	23	6	-1.43994E-003	-1.42582E-003	2.71210E-004	...........	-327.63
	24	6.25	-1.44009E-003	-1.41159E-003	3.69476E-004	...........	-327.63
	25	6.5	-1.43459E-003	-1.39631E-003	2.76610E-004	...........	-327.63
	26	6.75	-1.42468E-003	-1.38199E-003	3.69210E-004	...........	-327.63
	27	7	-1.41232E-003	-1.38336E-003	2.72543E-004	...........	-327.63
	28	7.25	-1.40024E-003	-1.39061E-003	3.68010E-004	...........	-327.63
	29	7.5	-1.39162E-003	-1.39146E-003	2.75943E-004	...........	-327.63
	30	7.75	-1.38813E-003	-1.39951E-003	3.68410E-004	...........	-327.63
	31	8	-1.38928E-003	-1.41253E-003	2.75876E-004	...........	-327.63
	32	8.25	-1.39408E-003	-1.42784E-003	3.69143E-004	...........	-327.63
	33	8.5	-1.40215E-003	-1.43962E-003	2.73276E-004	...........	-327.63
	34	8.75	-1.41265E-003	-1.43619E-003	3.70676E-004	...........	-327.63
	35	9	-1.42363E-003	-1.45727E-003	2.74343E-004	...........	-327.63
	36	9.25	-1.43318E-003	-1.43505E-003	3.61010E-004	...........	-327.63
	37	9.5	-1.43952E-003	-1.42289E-003	2.74943E-004	...........	-327.63
	38	9.75	-1.44146E-003	-1.46609E-003	3.67476E-004	...........	-327.63
	39	10	-1.44230E-003	-1.49804E-003	2.72943E-004	...........	-327.63
	40	10.25	-1.44976E-003	-1.53890E-003	3.72410E-004	...........	-327.63
	41	10.5	-1.46895E-003	-1.57896E-003	2.75610E-004	...........	-327.63
	42	10.75	-1.49809E-003	-1.58069E-003	3.72810E-004	...........	-327.63
	43	11	-1.53106E-003	-1.63231E-003	2.74876E-004	...........	-327.63
	44	11.25	-1.56261E-003	-1.63579E-003	3.71276E-004	...........	-327.63
	45	11.5	-1.59110E-003	-1.66549E-003	2.76276E-004	...........	-327.63
	46	11.75	-1.61639E-003	-1.67071E-003	3.73743E-004	...........	-327.63
	47	12	-1.63861E-003	-1.70949E-003	2.76876E-004	...........	-327.63
	48	12.25	-1.65786E-003	-1.65861E-003	3.73276E-004	...........	-327.63
	49	12.5	-1.67240E-003	-1.69700E-003	2.79276E-004	...........	-327.63
	50	12.75	-1.68056E-003	-1.68867E-003	3.75476E-004	...........	-327.63
	51	13	-1.68499E-003	-1.72373E-003	2.76343E-004	...........	-327.63
	52	13.25	-1.69012E-003	-1.68879E-003	3.76876E-004	...........	-327.63
	53	13.5	-1.69694E-003	-1.74240E-003	2.64610E-004	...........	-327.63
	54	13.75	-1.70511E-003	-1.75168E-003	3.63476E-004	...........	-327.63
	55	14	-1.71715E-003	-1.80811E-003	2.71810E-004	...........	-327.63
	56	14.25	-1.73563E-003	-1.78571E-003	3.64276E-004	...........	-327.63
	57	14.5	-1.75821E-003	-1.81775E-003	2.74143E-004	...........	-327.63
	58	14.75	-1.77859E-003	-1.77618E-003	3.68276E-004	...........	-327.63
	59	15	-1.79159E-003	-1.80686E-003	2.68143E-004	...........	-327.63
	60	15.25	-1.79608E-003	-1.75966E-003	3.65543E-004	...........	-327.63
	61	15.5	-1.79407E-003	-1.79513E-003	2.74276E-004	...........	-327.63
	62	15.75	-1.78850E-003	-1.74503E-003	3.62943E-004	...........	-327.63
	63	16	-1.78154E-003	-1.77896E-003	2.73676E-004	...........	-327.63
	64	16.25	-1.77403E-003	-1.72391E-003	3.69610E-004	...........	-327.63
	65	16.5	-1.76610E-003	-1.77039E-003	2.75743E-004	...........	-327.63
	66	16.75	-1.75886E-003	-1.74646E-003	3.66343E-004	...........	-327.63
	67	17	-1.75455E-003	-1.76658E-003	2.77943E-004	...........	-327.63
	68	17.25	-1.75310E-003	-1.70888E-003	3.73343E-004	...........	-327.63
	69	17.5	-1.75375E-003	-1.90365E-003	2.70210E-004	...........	-327.63
	70	17.75	-1.76659E-003	-2.02750E-003	3.67876E-004	...........	-327.63
	71	18	-1.80941E-003	-2.04506E-003	2.76476E-004	...........	-327.63
	72	18.25	-1.87975E-003	-1.95048E-003	3.70543E-004	...........	-327.63
	73	18.5	-1.94552E-003	-1.93197E-003	2.73343E-004	...........	-327.63
	74	18.75	-1.97607E-003	-1.89663E-003	3.80410E-004	...........	-327.63
	75	19	-1.97281E-003	-2.07793E-003	2.73076E-004	...........	-327.63
	76	19.25	-1.96396E-003	-1.98955E-003	3.71476E-004	...........	-327.63
	77	19.5	-1.97053E-003	-1.99161E-003	2.75743E-004	...........	-327.63
	78	19.75	-1.98513E-003	-1.94070E-003	3.67810E-004	...........	-327.63
	79	20	-1.99061E-003	-1.98369E-003	2.73076E-004	...........	-327.63
	80	20.25	-1.98417E-003	-1.94607E-003	3.77543E-004	...........	-327.63
	81	20.5	-1.97402E-003	-1.96983E-003	2.72543E-004	...........	-327.63
	82	20.75	-1.96576E-003	-1.92711E-003	3.74143E-004	...........	-327.63
	83	21	-1.95919E-003	-1.95281E-003	2.78410E-004	...........	-327.63
	84	21.25	-1.95222E-003	-1.89896E-003	3.63543E-004	...........	-327.63
	85	21.5	-1.94317E-003	-1.90849E-003	1.56876E-004	...........	-327.63
	86	21.75	-1.93074E-003	-1.86112E-003	1.02276E-004	...........	-327.63
	87	22	-1.91463E-003	-1.86324E-003	1.03076E-004	...........	-327.63
	88	22.25	-1.89541E-003	-1.80487E-003	9.96097E-005	...........	-327.63
	89	22.5	-1.87358E-003	-1.81636E-003	1.01876E-004	...........	-327.63
	90	22.75	-1.85024E-003	-1.77861E-003	1.12876E-004	...........	-327.63
	91	23	-1.82781E-003	-1.78796E-003	1.08543E-004	...........	-327.63
	92	23.25	-1.80837E-003	-1.75387E-003	9.87431E-005	...........	-327.63
	93	23.5	-1.79226E-003	-1.76811E-003	1.05010E-004	...........	-327.63
	94	23.75	-1.77898E-003	-1.74271E-003	1.02343E-004	...........	-327.63
	95	24	-1.76807E-003	-1.74770E-003	1.03343E-004	...........	-327.63
	96	24.25	-1.75887E-003	-1.72947E-003	9.91431E-005	...........	-327.63
	97	24.5	-1.75052E-003	-1.72823E-003	1.05610E-004	...........	-327.63
	98	24.75	-1.74270E-003	-1.73135E-003	1.06610E-004	...........	-327.63
	99	25	-1.73644E-003	-1.74172E-003	1.01010E-004	...........	-327.63
	100	25.25	-1.73362E-003	-1.74756E-003	9.88764E-005	...........	-327.63
	101	25.5	-1.73477E-003	-1.73555E-003	9.55431E-005	...........	-327.63
	102	25.75	-1.73740E-003	-1.72220E-003	1.01276E-004	...........	-327.63
	103	26	-1.73717E-003	-1.69665E-003	9.90097E-005	...........	-327.63
	104	26.25	-1.73124E-003	-1.70056E-003	1.02543E-004	...........	-327.63
	105	26.5	-1.72037E-003	-1.67422E-003	9.89431E-005	...........	-327.63
	106	26.75	-1.70765E-003	-1.68648E-003	9.90764E-005	...........	-327.63
	107	27	-1.69617E-003	-1.68161E-003	9.65431E-005	...........	-327.63
	108	27.25	-1.68854E-003	-1.70511E-003	8.99431E-005	...........	-327.63
	109	27.5	-1.68635E-003	-1.69181E-003	9.43431E-005	...........	-327.63
	110	27.75	-1.68903E-003	-1.71968E-003	9.32098E-005	...........	-327.63
	111	28	-1.69440E-003	-1.69482E-003	9.65431E-005	...........	-327.63
	112	28.25	-1.69977E-003	-1.70611E-003	9.15431E-005	...........	-327.63
	113	28.5	-1.70269E-003	-1.68567E-003	9.11431E-005	...........	-327.63
	114	28.75	-1.70236E-003	-1.70895E-003	8.98097E-005	...........	-327.63
	115	29	-1.70014E-003	-1.67832E-003	9.80764E-005	...........	-327.63
	116	29.25	-1.69732E-003	-1.69075E-003	9.68097E-005	...........	-327.63
	117	29.5	-1.69386E-003	-1.67755E-003	9.20098E-005	...........	-327.63
	118	29.75	-1.69009E-003	-1.69736E-003	9.18098E-005	...........	-327.63
	119	30	-1.68765E-003	-1.69117E-003	9.90097E-005	...........	-327.63
	120	30.25	-1.68870E-003	-1.74439E-003	8.73431E-005	...........	-327.63
	121	30.5	-1.69525E-003	-1.72755E-003	9.18764E-005	...........	-327.63
	122	30.75	-1.70754E-003	-1.76949E-003	9.72764E-005	...........	-327.63
	123	31	-1.72305E-003	-1.75178E-003	1.02676E-004	...........	-327.63
	124	31.25	-1.73871E-003	-1.79778E-003	9.16097E-005	...........	-327.63
	125	31.5	-1.75316E-003	-1.77192E-003	1.05343E-004	...........	-327.63
	126	31.75	-1.76615E-003	-1.81231E-003	9.96764E-005	...........	-327.63
	127	32	-1.77728E-003	-1.77803E-003	1.00143E-004	...........	-327.63
	128	32.25	-1.78591E-003	-1.81560E-003	9.34097E-005	...........	-327.63
	129	32.5	-1.79180E-003	-1.78142E-003	1.02676E-004	...........	-327.63
	130	32.75	-1.79547E-003	-1.82086E-003	9.20098E-005	...........	-327.63
	131	33	-1.79804E-003	-1.79205E-003	9.61431E-005	...........	-327.63
	132	33.25	-1.80086E-003	-1.83731E-003	1.03276E-004	...........	-327.63
	133	33.5	-1.80490E-003	-1.80212E-003	1.01943E-004	...........	-327.63
	134	33.75	-1.81006E-003	-1.84149E-003	9.18098E-005	...........	-327.63
	135	34	-1.81514E-003	-1.80200E-003	9.88098E-005	...........	-327.63
	136	34.25	-1.81887E-003	-1.83965E-003	1.06876E-004	...........	-327.63
	137	34.5	-1.82058E-003	-1.79091E-003	1.06610E-004	...........	-327.63
	138	34.75	-1.82001E-003	-1.82792E-003	1.00543E-004	...........	-327.63
	139	35	-1.81731E-003	-1.78581E-003	1.05743E-004	...........	-327.63
	140	35.25	-1.81341E-003	-1.82263E-003	1.01476E-004	...........	-327.63
	141	35.5	-1.80958E-003	-1.78643E-003	9.59431E-005	...........	-327.63
	142	35.75	-1.80689E-003	-1.83078E-003	9.52097E-005	...........	-327.63
	143	36	-1.80592E-003	-1.78498E-003	9.34764E-005	...........	-327.63
	144	36.25	-1.80631E-003	-1.82992E-003	9.54097E-005	...........	-327.63
	145	36.5	-1.80720E-003	-1.79353E-003	9.48764E-005	...........	-327.63
	146	36.75	-1.80857E-003	-1.84364E-003	8.96098E-005	...........	-327.63
	147	37	-1.81124E-003	-1.80743E-003	9.25431E-005	...........	-327.63
	148	37.25	-1.81536E-003	-1.84040E-003	8.97431E-005	...........	-327.63
	149	37.5	-1.81960E-003	-1.80600E-003	9.21431E-005	...........	-327.63
	150	37.75	-1.82278E-003	-1.86045E-003	9.78098E-005	...........	-327.63
	151	38	-1.82583E-003	-1.82387E-003	9.41431E-005	...........	-327.63
	152	38.25	-1.83069E-003	-1.88654E-003	8.76097E-005	...........	-327.63
	153	38.5	-1.83858E-003	-1.86129E-003	9.26098E-005	...........	-327.63
	154	38.75	-1.84979E-003	-1.91404E-003	1.02076E-004	...........	-327.63
	155	39	-1.86293E-003	-1.85647E-003	9.62764E-005	...........	-327.63
	156	39.25	-1.87400E-003	-1.88405E-003	9.64764E-005	...........	-327.63
	157	39.5	-1.87849E-003	-1.83156E-003	1.03610E-004	...........	-327.63
	158	39.75	-1.87519E-003	-1.87054E-003	9.15431E-005	...........	-327.63
	159	40	-1.86709E-003	-1.82438E-003	8.98764E-005	...........	-327.63
	160	40.25	-1.85839E-003	-1.86655E-003	9.88098E-005	...........	-327.63
	161	40.5	-1.85144E-003	-1.80855E-003	9.97431E-005	...........	-327.63
	162	40.75	-1.84559E-003	-1.83529E-003	8.87431E-005	...........	-327.63
	163	41	-1.83900E-003	-1.80761E-003	1.02810E-004	...........	-327.63
	164	41.25	-1.83241E-003	-1.86845E-003	9.87431E-005	...........	-327.63
	165	41.5	-1.82968E-003	-1.83122E-003	9.91431E-005	...........	-327.63
	166	41.75	-1.83310E-003	-1.87810E-003	9.29431E-005	...........	-327.63
	167	42	-1.84035E-003	-1.82369E-003	1.00010E-004	...........	-327.63
	168	42.25	-1.84686E-003	-1.87171E-003	1.00276E-004	...........	-327.63
	169	42.5	-1.84984E-003	-1.81856E-003	9.76098E-005	...........	-327.63
	170	42.75	-1.84961E-003	-1.87499E-003	9.62098E-005	...........	-327.63
	171	43	-1.84825E-003	-1.82323E-003	1.01676E-004	...........	-327.63
	172	43.25	-1.84726E-003	-1.86173E-003	9.22098E-005	...........	-327.63
	173	43.5	-1.84601E-003	-1.80089E-003	9.28764E-005	...........	-327.63
	174	43.75	-1.84278E-003	-1.85119E-003	9.67431E-005	...........	-327.63
	175	44	-1.83761E-003	-1.80897E-003	9.78764E-005	...........	-327.63
	176	44.25	-1.83268E-003	-1.84553E-003	9.70098E-005	...........	-327.63
	177	44.5	-1.82941E-003	-1.80024E-003	9.95431E-005	...........	-327.63
	178	44.75	-1.82710E-003	-1.83948E-003	9.60098E-005	...........	-327.63
	179	45	-1.82464E-003	-1.79385E-003	9.95431E-005	...........	-327.63
	180	45.25	-1.82181E-003	-1.83666E-003	9.18098E-005	...........	-327.63
	181	45.5	-1.81897E-003	-1.78883E-003	9.31431E-005	...........	-327.63
	182	45.75	-1.81637E-003	-1.83112E-003	9.43431E-005	...........	-327.63
	183	46	-1.81394E-003	-1.78489E-003	8.92097E-005	...........	-327.63
	184	46.25	-1.81162E-003	-1.82866E-003	9.26098E-005	...........	-327.63
	185	46.5	-1.80948E-003	-1.78061E-003	9.13431E-005	...........	-327.63
	186	46.75	-1.80752E-003	-1.82343E-003	8.68098E-005	...........	-327.63
	187	47	-1.80549E-003	-1.77370E-003	8.72764E-005	...........	-327.63
	188	47.25	-1.80306E-003	-1.81379E-003	9.44098E-005	...........	-327.63
	189	47.5	-1.80005E-003	-1.76863E-003	9.95431E-005	...........	-327.63
	190	47.75	-1.79679E-003	-1.81599E-003	9.33431E-005	...........	-327.63
	191	48	-1.79416E-003	-1.76925E-003	8.93431E-005	...........	-327.63
	192	48.25	-1.79259E-003	-1.80914E-003	9.74764E-005	...........	-327.63
	193	48.5	-1.79151E-003	-1.76321E-003	9.45431E-005	...........	-327.63
	194	48.75	-1.79008E-003	-1.80710E-003	8.74764E-005	...........	-327.63
	195	49	-1.78824E-003	-1.76215E-003	9.19431E-005	...........	-327.63
	196	49.25	-1.78648E-003	-1.80395E-003	9.86097E-005	...........	-327.63
	197	49.5	-1.78506E-003	-1.76162E-003	9.16097E-005	...........	-327.63
	198	49.75	-1.78400E-003	-1.80444E-003	9.80098E-005	...........	-327.63
	199	50	-1.78326E-003	-1.75767E-003	1.02076E-004	...........	-327.63
	200	50.25	-1.78255E-003	-1.79981E-003	9.86097E-005	...........	-327.63
	201	50.5	-1.78165E-003	-1.76254E-003	8.87431E-005	...........	-327.63
	202	50.75	-1.78099E-003	-1.80660E-003	9.32764E-005	...........	-327.63
	203	51	-1.78135E-003	-1.76681E-003	9.58764E-005	...........	-327.63
	204	51.25	-1.78290E-003	-1.81210E-003	8.32764E-005	...........	-327.63
	205	51.5	-1.78512E-003	-1.76756E-003	9.00764E-005	...........	-327.63
	206	51.75	-1.78722E-003	-1.80975E-003	9.74764E-005	...........	-327.63
	207	52	-1.78859E-003	-1.76917E-003	9.87431E-005	...........	-327.63
	208	52.25	-1.78924E-003	-1.81264E-003	8.76097E-005	...........	-327.63
	209	52.5	-1.78962E-003	-1.76732E-003	9.46097E-005	...........	-327.63
	210	52.75	-1.78983E-003	-1.80742E-003	9.28764E-005	...........	-327.63
	211	53	-1.78946E-003	-1.76135E-003	8.90097E-005	...........	-327.63
	212	53.25	-1.78819E-003	-1.80370E-003	8.08764E-005	...........	-327.63
	213	53.5	-1.78632E-003	-1.76343E-003	9.75431E-005	...........	-327.63
	214	53.75	-1.78461E-003	-1.80162E-003	1.01210E-004	...........	-327.63
	215	54	-1.78345E-003	-1.76063E-003	8.70764E-005	...........	-327.63
	216	54.25	-1.78265E-003	-1.80201E-003	9.20098E-005	...........	-327.63
	217	54.5	-1.78197E-003	-1.75889E-003	1.06476E-004	...........	-327.63
	218	54.75	-1.78134E-003	-1.79893E-003	9.22764E-005	...........	-327.63
	219	55	-1.78057E-003	-1.75531E-003	9.68764E-005	...........	-327.63
	220	55.25	-1.77944E-003	-1.79349E-003	9.33431E-005	...........	-327.63
	221	55.5	-1.77780E-003	-1.74838E-003	8.93431E-005	...........	-327.63
	222	55.75	-1.77553E-003	-1.78612E-003	8.82764E-005	...........	-327.63
	223	56	-1.77268E-003	-1.74225E-003	9.59431E-005	...........	-327.63
	224	56.25	-1.76942E-003	-1.77758E-003	9.48764E-005	...........	-327.63
	225	56.5	-1.76596E-003	-1.73707E-003	8.55431E-005	...........	-327.63
	226	56.75	-1.76263E-003	-1.77932E-003	8.92764E-005	...........	-327.63
	227	57	-1.76014E-003	-1.74206E-003	9.79431E-005	...........	-327.63
	228	57.25	-1.75923E-003	-1.78620E-003	1.03810E-004	...........	-327.63
	229	57.5	-1.76020E-003	-1.75448E-003	9.43431E-005	...........	-327.63
	230	57.75	-1.76301E-003	-1.79777E-003	8.66097E-005	...........	-327.63
	231	58	-1.76728E-003	-1.76246E-003	9.78098E-005	...........	-327.63
	232	58.25	-1.77215E-003	-1.80165E-003	8.42098E-005	...........	-327.63
	233	58.5	-1.77645E-003	-1.75662E-003	9.06098E-005	...........	-327.63
	234	58.75	-1.77875E-003	-1.78266E-003	9.02764E-005	...........	-327.63
	235	59	-1.77768E-003	-1.73335E-003	9.16097E-005	...........	-327.63
	236	59.25	-1.77262E-003	-1.76282E-003	8.86764E-005	...........	-327.63
	237	59.5	-1.76436E-003	-1.71098E-003	9.04764E-005	...........	-327.63
	238	59.75	-1.75422E-003	-1.73779E-003	8.80764E-005	...........	-327.63
	239	60	-1.74326E-003	-1.69541E-003	8.74764E-005	...........	-327.63
	240	60.25	-1.73249E-003	-1.72608E-003	7.80097E-005	...........	-327.63
	241	60.5	-1.72291E-003	-1.68315E-003	8.94097E-005	...........	-327.63
	242	60.75	-1.71489E-003	-1.71269E-003	8.74764E-005	...........	-327.63
	243	61	-1.70796E-003	-1.67025E-003	8.10764E-005	...........	-327.63
	244	61.25	-1.70150E-003	-1.69972E-003	8.08098E-005	...........	-327.63
	245	61.5	-1.69518E-003	-1.66022E-003	8.80764E-005	...........	-327.63
	246	61.75	-1.68919E-003	-1.69666E-003	8.34097E-005	...........	-327.63
	247	62	-1.68385E-003	-1.64270E-003	8.56764E-005	...........	-327.63
	248	62.25	-1.67846E-003	-1.66620E-003	9.06764E-005	...........	-327.63
	249	62.5	-1.67148E-003	-1.62577E-003	9.20764E-005	...........	-327.63
	250	62.75	-1.66287E-003	-1.67000E-003	8.92764E-005	...........	-327.63
	251	63	-1.65511E-003	-1.63152E-003	8.98097E-005	...........	-327.63
	252	63.25	-1.65053E-003	-1.66684E-003	9.36097E-005	...........	-327.63
	253	63.5	-1.64910E-003	-1.63772E-003	9.02097E-005	...........	-327.63
	254	63.75	-1.64982E-003	-1.68435E-003	8.43431E-005	...........	-327.63
	255	64	-1.65277E-003	-1.66391E-003	9.82097E-005	...........	-327.63
	256	64.25	-1.65869E-003	-1.70515E-003	9.30764E-005	...........	-327.63
	257	64.5	-1.66727E-003	-1.67806E-003	8.82098E-005	...........	-327.63
	258	64.75	-1.67704E-003	-1.72515E-003	8.27431E-005	...........	-327.63
	259	65	-1.68682E-003	-1.69939E-003	9.26098E-005	...........	-327.63
	260	65.25	-1.69646E-003	-1.74253E-003	8.71431E-005	...........	-327.63
	261	65.5	-1.70821E-003	-1.82981E-003	8.74097E-005	...........	-327.63
	262	65.75	-1.72798E-003	-1.83018E-003	9.06098E-005	...........	-327.63
	263	66	-1.75734E-003	-1.78400E-003	9.30764E-005	...........	-327.63
	264	66.25	-1.78614E-003	-1.82789E-003	8.75431E-005	...........	-327.63
	265	66.5	-1.80356E-003	-1.78875E-003	9.29431E-005	...........	-327.63
	266	66.75	-1.80923E-003	-1.81129E-003	9.18098E-005	...........	-327.63
	267	67	-1.80827E-003	-1.78500E-003	8.51431E-005	...........	-327.63
	268	67.25	-1.80513E-003	-1.82803E-003	8.06098E-005	...........	-327.63
	269	67.5	-1.80341E-003	-1.80373E-003	9.18098E-005	...........	-327.63
	270	67.75	-1.80519E-003	-1.83342E-003	9.36764E-005	...........	-327.63
	271	68	-1.80936E-003	-1.79143E-003	8.12098E-005	...........	-327.63
	272	68.25	-1.81211E-003	-1.79230E-003	8.54764E-005	...........	-327.63
	273	68.5	-1.80914E-003	-1.74325E-003	9.27431E-005	...........	-327.63
	274	68.75	-1.79795E-003	-1.72942E-003	7.65431E-005	...........	-327.63
	275	69	-1.77810E-003	-1.65515E-003	8.43431E-005	...........	-327.63
	276	69.25	-1.74944E-003	-1.61697E-003	8.76764E-005	...........	-327.63
	277	69.5	-1.71084E-003	-1.50953E-003	9.60098E-005	...........	-327.63
	278	69.75	-1.66102E-003	-1.47221E-003	7.81431E-005	...........	-327.63
	279	70	-1.60098E-003	-1.38293E-003	8.49431E-005	...........	-327.63
	280	70.25	-1.53516E-003	-1.35563E-003	9.20098E-005	...........	-327.63
	281	70.5	-1.46911E-003	-1.27228E-003	9.50764E-005	...........	-327.63
	282	70.75	-1.40616E-003	-1.24046E-003	8.09431E-005	...........	-327.63
	283	71	-1.34639E-003	-1.14925E-003	9.88764E-005	...........	-327.63
	284	71.25	-1.28767E-003	-1.10746E-003	9.25431E-005	...........	-327.63
	285	71.5	-1.22761E-003	-1.01754E-003	9.16764E-005	...........	-327.63
	286	71.75	-1.16527E-003	-9.83831E-004	8.21431E-005	...........	-327.63
	287	72	-1.10183E-003	-9.09166E-004	9.00764E-005	...........	-327.63
	288	72.25	-1.03993E-003	-8.89100E-004	8.69431E-005	...........	-327.63
	289	72.5	-9.82428E-004	-8.34647E-004	8.48764E-005	...........	-327.63
	290	72.75	-9.31569E-004	-8.32642E-004	9.13431E-005	...........	-327.63
	291	73	-8.88984E-004	-8.02151E-004	9.66764E-005	...........	-327.63
	292	73.25	-8.56000E-004	-8.28507E-004	7.40764E-005	...........	-327.63
	293	73.5	-8.33740E-004	-8.11260E-004	8.22764E-005	...........	-327.63
	294	73.75	-8.22302E-004	-8.45322E-004	8.65431E-005	...........	-327.63
	295	74	-8.19855E-004	-8.19103E-004	8.85431E-005	...........	-327.63
	296	74.25	-8.22586E-004	-8.35281E-004	8.18097E-005	...........	-327.63
	297	74.5	-8.25502E-004	-7.87895E-004	8.98097E-005	...........	-327.63
	298	74.75	-8.23746E-004	-7.80116E-004	9.28097E-005	...........	-327.63
	299	75	-8.13642E-004	-7.09389E-004	8.15431E-005	...........	-327.63
	300	75.25	-7.93094E-004	-6.83409E-004	7.36764E-005	...........	-327.63
	301	75.5	-7.61687E-004	-6.02950E-004	8.91431E-005	...........	-327.63
	302	75.75	-7.20837E-004	-5.82344E-004	7.80764E-005	...........	-327.63
	303	76	-6.73746E-004	-5.11922E-004	7.81431E-005	...........	-327.63
	304	76.25	-6.24813E-004	-5.13698E-004	9.22098E-005	...........	-327.63
	305	76.5	-5.78743E-004	-4.67126E-004	8.42764E-005	...........	-327.63
	306	76.75	-5.39092E-004	-4.61530E-004	7.30764E-005	...........	-327.63
	307	77	-5.06053E-004	-3.96353E-004	8.41431E-005	...........	-327.63
	308	77.25	-4.76537E-004	-4.07471E-004	9.01431E-005	...........	-327.63
	309	77.5	-4.47796E-004	-3.45827E-004	8.24098E-005	...........	-327.63
	310	77.75	-4.19447E-004	-3.53384E-004	7.90097E-005	...........	-327.63
	311	78	-3.91747E-004	-2.86175E-004	8.44764E-005	...........	-327.63
	312	78.25	-3.64103E-004	-2.90180E-004	8.20097E-005	...........	-327.63
	313	78.5	-3.35827E-004	-2.36817E-004	7.67431E-005	...........	-327.63
	314	78.75	-3.07475E-004	-2.47360E-004	7.84098E-005	...........	-327.63
	315	79	-2.80284E-004	-1.80404E-004	8.56764E-005	...........	-327.63
	316	79.25	-2.54052E-004	-1.79429E-004	8.35431E-005	...........	-327.63
	317	79.5	-2.26592E-004	-9.67472E-005	7.51431E-005	...........	-327.63
	318	79.75	-1.95260E-004	-8.71262E-005	8.20764E-005	...........	-327.63
	319	80	-1.58443E-004	6.02115E-006	8.62764E-005	...........	-327.63
	320	80.25	-1.15985E-004	1.53755E-005	7.18764E-005	...........	-327.63
	321	80.5	-6.88455E-005	1.15360E-004	8.26764E-005	...........	-327.63
	322	80.75	-1.83191E-005	1.26025E-004	8.51431E-005	...........	-327.63
	323	81	3.45517E-005	2.27281E-004	9.39431E-005	...........	-327.63
	324	81.25	8.92125E-005	2.49587E-004	7.78098E-005	...........	-327.63
	325	81.5	1.45736E-004	3.50701E-004	9.06098E-005	...........	-327.63
	326	81.75	2.03520E-004	3.30386E-004	8.85431E-005	...........	-327.63
	327	82	2.59567E-004	4.28301E-004	9.00098E-005	...........	-327.63
	328	82.25	3.11017E-004	4.41294E-004	9.58098E-005	...........	-327.63
	329	82.5	3.59597E-004	5.59242E-004	9.04098E-005	...........	-327.63
	330	82.75	4.11142E-004	6.10047E-004	8.89431E-005	...........	-327.63
	331	83	4.71605E-004	7.45428E-004	9.10098E-005	...........	-327.63
	332	83.25	5.43868E-004	7.94216E-004	9.27431E-005	...........	-327.63
	333	83.5	6.26536E-004	9.27881E-004	9.45431E-005	...........	-327.63
	334	83.75	7.15222E-004	9.60193E-004	9.07431E-005	...........	-327.63
	335	84	8.04388E-004	1.05659E-003	8.94764E-005	...........	-327.63
	336	84.25	8.88547E-004	1.08266E-003	8.69431E-005	...........	-327.63
	337	84.5	9.64673E-004	1.19062E-003	8.48764E-005	...........	-327.63
	338	84.75	1.03400E-003	1.21467E-003	9.00098E-005	...........	-327.63
	339	85	1.09976E-003	1.31044E-003	9.62764E-005	...........	-327.63
	340	85.25	1.16400E-003	1.34494E-003	9.52764E-005	...........	-327.63
	341	85.5	1.22798E-003	1.46064E-003	8.63431E-005	...........	-327.63
	342	85.75	1.29411E-003	1.51821E-003	8.05431E-005	...........	-327.63
	343	86	1.36575E-003	1.65075E-003	9.19431E-005	...........	-327.63
	344	86.25	1.44534E-003	1.71365E-003	1.03543E-004	...........	-327.63
	345	86.5	1.53198E-003	1.79844E-003	8.77431E-005	...........	-327.63
	346	86.75	1.62005E-003	1.83008E-003	8.26764E-005	...........	-327.63
	347	87	1.70213E-003	1.91656E-003	8.72097E-005	...........	-327.63
	348	87.25	1.77473E-003	1.95580E-003	8.68764E-005	...........	-327.63
	349	87.5	1.83974E-003	2.02992E-003	8.13431E-005	...........	-327.63
	350	87.75	1.90109E-003	2.09630E-003	8.87431E-005	...........	-327.63
	351	88	1.96261E-003	2.17820E-003	8.86764E-005	...........	-327.63
	352	88.25	2.02748E-003	2.25055E-003	8.72764E-005	...........	-327.63
	353	88.5	2.09683E-003	2.32130E-003	8.94097E-005	...........	-327.63
	354	88.75	2.16940E-003	2.39792E-003	8.41431E-005	...........	-327.63
	355	89	2.24335E-003	2.47830E-003	8.76097E-005	...........	-327.63
	356	89.25	2.31871E-003	2.58319E-003	9.29431E-005	...........	-327.63
	357	89.5	2.39818E-003	2.69606E-003	9.46764E-005	...........	-327.63
	358	89.75	2.48617E-003	2.83704E-003	8.76097E-005	...........	-327.63
	359	90	2.58595E-003	2.93053E-003	8.28097E-005	...........	-327.63
	360	90.25	2.69607E-003	3.04906E-003	8.49431E-005	...........	-327.63
	361	90.5	2.81033E-003	3.13258E-003	8.47431E-005	...........	-327.63
	362	90.75	2.92265E-003	3.26116E-003	8.24098E-005	...........	-327.63
	363	91	3.03066E-003	3.32245E-003	8.05431E-005	...........	-327.63
	364	91.25	3.13403E-003	3.42948E-003	8.90097E-005	...........	-327.63
	365	91.5	3.23138E-003	3.46370E-003	8.05431E-005	...........	-327.63
	366	91.75	3.32048E-003	3.56002E-003	8.40097E-005	...........	-327.63
	367	92	3.40061E-003	3.60841E-003	7.83431E-005	...........	-327.63
	368	92.25	3.47460E-003	3.72662E-003	8.46098E-005	...........	-327.63
	369	92.5	3.54781E-003	3.78425E-003	7.73431E-005	...........	-327.63
	370	92.75	3.62487E-003	3.90847E-003	8.42098E-005	...........	-327.63
	371	93	3.70721E-003	3.95343E-003	8.12098E-005	...........	-327.63
	372	93.25	3.79305E-003	4.07576E-003	9.27431E-005	...........	-327.63
	373	93.5	3.87923E-003	4.09997E-003	8.30764E-005	...........	-327.63
	374	93.75	3.96245E-003	4.20249E-003	8.70098E-005	...........	-327.63
	375	94	4.03969E-003	4.20793E-003	8.25431E-005	...........	-327.63
	376	94.25	4.10871E-003	4.28803E-003	8.52764E-005	...........	-327.63
	377	94.5	4.16825E-003	4.27852E-003	8.54097E-005	...........	-327.63
	378	94.75	4.21836E-003	4.35773E-003	9.74764E-005	...........	-327.63
	379	95	4.26101E-003	4.36217E-003	9.23431E-005	...........	-327.63
	380	95.25	4.30035E-003	4.46429E-003	8.06764E-005	...........	-327.63
	381	95.5	4.34150E-003	4.48326E-003	8.38097E-005	...........	-327.63
	382	95.75	4.38815E-003	4.57805E-003	9.72764E-005	...........	-327.63
	383	96	4.44001E-003	4.56637E-003	9.49431E-005	...........	-327.63
	384	96.25	4.49225E-003	4.62302E-003	8.42764E-005	...........	-327.63
	385	96.5	4.53764E-003	4.57169E-003	9.58098E-005	...........	-327.63
	386	96.75	4.56971E-003	4.59349E-003	8.95431E-005	...........	-327.63
	387	97	4.58504E-003	4.52813E-003	8.88764E-005	...........	-327.63
	388	97.25	4.58484E-003	4.57538E-003	9.60764E-005	...........	-327.63
	389	97.5	4.57558E-003	4.54930E-003	9.51431E-005	...........	-327.63
	390	97.75	4.56693E-003	4.62354E-003	9.12764E-005	...........	-327.63
	391	98	4.56736E-003	4.62389E-003	8.20764E-005	...........	-327.63
	392	98.25	4.58130E-003	4.72743E-003	9.14764E-005	...........	-327.63
	393	98.5	4.61005E-003	4.75885E-003	8.56097E-005	...........	-327.63
	394	98.75	4.65383E-003	4.89680E-003	8.70764E-005	...........	-327.63
	395	99	4.71311E-003	4.96607E-003	7.30764E-005	...........	-327.63
	396	99.25	4.78847E-003	5.12352E-003	8.66764E-005	...........	-327.63
	397	99.5	4.87910E-003	5.18929E-003	8.06098E-005	...........	-327.63
	398	99.75	4.98109E-003	5.32552E-003	7.96098E-005	...........	-327.63
	399	100	5.08773E-003	5.37194E-003	8.74097E-005	...........	-327.63
EOC	QUANT	0.0050877	Open Circuit (V)
PSTATMODEL	IQUANT	5	Pstat Model
PSTATSECTION	LABEL	REF3000-20110	Pstat Section
PSTATSERIALNO	LABEL	20110	Pstat Serial Number
CTRLMODE	IQUANT	0	Control Mode
ELECTROMETER	IQUANT	0	RE=0 or CS=1
IESTAB	IQUANT	0	I/E Stability
CASPEED	IQUANT	4	Control Amp Speed
CONVENTION	IQUANT	1	Current Convention
ICHRANGE	IQUANT	2	Ich Range
ICHRANGEMODE	TOGGLE	F	Ich Auto Range
ICHOFFSETENABLE	TOGGLE	T	Ich Offset Enable
ICHOFFSET	QUANT	0	Ich Offset (V)
ICHFILTER	IQUANT	3	Ich Filter
VCHRANGE	IQUANT	2	Vch Range
VCHRANGEMODE	TOGGLE	F	Vch Auto Range
VCHOFFSETENABLE	TOGGLE	T	Vch Offset Enable
VCHOFFSET	QUANT	0	Vch Offset (V)
VCHFILTER	IQUANT	3	Vch Filter
ACHRANGE	IQUANT	2	Ach Range
ACHOFFSETENABLE	TOGGLE	F	Ach Offset Enable
ACHOFFSET	QUANT	0	Ach Offset (V)
ACHFILTER	IQUANT	1	Ach Filter
IERANGELOWERLIMIT	IQUANT	2	I/E Range Lower Limit
IERANGEMODE	TOGGLE	F	I/E AutoRange
IERANGE	IQUANT	11	I/E Range
POSFEEDENABLE	TOGGLE	F	Positive Feedback IR Comp
POSFEEDRESISTANCE	QUANT	0	Positive Feedback Resistance (ohm)
ACHSELECT	IQUANT	4	Ach Select
SENSECABLEID	IQUANT	14	Sense Cable ID
PWRCABLEID	IQUANT	7	Power Cable ID
DCCALDATE	LABEL	8/9/2022	DC Calibration Date
ACCALDATE	LABEL	8/9/2022	AC Calibration Date
THERMOSELECT	IQUANT	1	Thermo Select
FRAMEWORKVERSION	LABEL	7.9.0	Framework Version
INSTRUMENTVERSION	LABEL	4.60	Instrument Version
COMPLIANCEVOLTAGE	IQUANT	0	Compliance Voltage
ZCURVE	TABLE
	Pt	Time	Freq	Zreal	Zimag	Zsig	Zmod	Zphz	Idc	Vdc	IERange
	#	s	Hz	ohm	ohm	V	ohm	°	A	V	#
	0	6	100078.1	1692.349	-46.46232	1	1692.987	-1.572623	-2.601543E-006	-0.1373231	9
	1	7	79453.13	1698.428	-53.13675	1	1699.259	-1.791962	-3.830567E-006	-0.1719503	9
	2	9	63140.62	1705.465	-59.68464	1	1706.509	-2.004311	-3.693485E-006	-0.1900737	9
	3	10	50203.12	1713.267	-66.31816	1	1714.55	-2.216733	-3.617304E-006	-0.2003371	9
	4	11	39890.62	1722.155	-73.1349	1	1723.707	-2.431724	-3.67515E-006	-0.206829	9
	5	13	31640.63	1731.722	-80.20565	1	1733.578	-2.651791	-3.218759E-006	-0.2084018	9
	6	14	25171.88	1741.573	-87.66609	1	1743.778	-2.881683	-3.855257E-006	-0.2068568	9
	7	16	20015.62	1751.812	-95.4048	1	1754.407	-3.117285	-3.147438E-006	-0.2084265	9
	8	17	15890.62	1762.049	-103.899	1	1765.109	-3.37453	-8.78128E-007	-0.2085909	9
	9	19	12609.38	1771.852	-113.0886	1	1775.458	-3.651954	-2.02445E-006	-0.2078769	9
	10	20	10078.13	1780.043	-122.9323	1	1784.283	-3.950654	-1.151319E-006	-0.2071465	9
	11	21	8015.625	1787.051	-134.0983	1	1792.075	-4.291367	-8.604629E-007	-0.2085516	9
	12	23	6328.125	1796.211	-148.0331	1	1802.3	-4.711334	-3.853011E-006	-0.2078843	9
	13	24	5015.625	1816.273	-168.1621	1	1824.041	-5.289728	-2.078983E-006	-0.210843	9
	14	26	3984.375	1831.558	-188.8819	1	1841.271	-5.887893	-3.993253E-006	-0.2075397	9
	15	27	3170.956	1847.712	-212.8519	1	1859.932	-6.571367	-3.259569E-006	-0.2043087	9
	16	28	2527.573	1866.014	-240.605	1	1881.462	-7.347216	-3.510454E-006	-0.2085171	9
	17	30	1976.103	1888.039	-274.3484	1	1907.868	-8.267707	-2.143885E-006	-0.2025019	9
	18	31	1577.524	1911.724	-309.3671	1	1936.594	-9.192271	-1.493057E-006	-0.201859	9
	19	33	1265.625	1938.472	-346.3971	1	1969.179	-10.13159	-3.249231E-006	-0.1950699	9
	20	34	998.264	1972.772	-389.494	1	2010.854	-11.16854	-3.972008E-006	-0.1930399	9
	21	36	796.875	2010.204	-431.5692	1	2056.009	-12.11686	-2.727551E-006	-0.1889769	9
	22	37	627.7902	2055.21	-476.3011	1	2109.68	-13.04812	-1.01425E-006	-0.1975065	9
	23	38	505.5147	2101.88	-516.2975	1	2164.362	-13.80068	-2.481093E-006	-0.1788008	9
	24	40	397.9953	2151.647	-553.0707	1	2221.592	-14.41553	-2.492035E-006	-0.1948348	9
	25	41	315.5048	2206.042	-589.1953	1	2283.369	-14.95366	-2.539508E-006	-0.200532	9
	26	43	252.4038	2258.998	-619.3669	1	2342.368	-15.33244	-2.521669E-006	-0.192447	9
	27	44	198.6229	2315.793	-643.9573	1	2403.66	-15.53976	-2.455359E-006	-0.2024685	9
	28	46	158.3615	2372.219	-665.2985	1	2463.746	-15.66637	-2.466961E-006	-0.199459	9
	29	47	125.558	2440	-698.3758	1	2537.977	-15.97216	-2.514086E-006	-0.1426205	9
	30	48	100.4464	2487.927	-707.076	1	2586.452	-15.8653	-2.582378E-006	-0.20902	9
	31	50	79.00281	2561.561	-753.0451	1	2669.957	-16.38223	-2.490003E-006	-0.1401114	9
	32	51	63.3446	2610.57	-781.4601	1	2725.024	-16.66479	-2.492142E-006	-0.0691567	9
	33	53	50.22321	2652.687	-797.9725	1	2770.11	-16.74216	-2.435437E-006	-0.032424	9
	34	54	38.42213	2716.438	-839.5789	1	2843.225	-17.17499	-2.518421E-006	-0.1094777	9
	35	56	31.25	2755.668	-849.4747	1	2883.629	-17.13267	-2.583812E-006	0.0278625	9
	36	57	24.93351	2832.765	-909.2321	1	2975.106	-17.79506	-2.46142E-006	-0.256121	9
	37	59	19.86229	2876.032	-928.6042	1	3022.229	-17.89407	-2.381025E-006	0.2215492	9
	38	60	15.625	2945.703	-1002.808	1	3111.718	-18.80016	-2.439711E-006	-0.1161504	9
	39	61	12.40079	3037.599	-985.477	1	3193.458	-17.97441	-2.54949E-006	0.3220791	9
	40	63	9.93114	3060.324	-1097.832	1	3251.28	-19.73447	-2.619367E-006	0.0179765	9
	41	64	7.944915	3122.672	-1066.549	1	3299.789	-18.85762	-2.482187E-006	-0.1870429	9
	42	66	6.317385	3087.799	-845.6955	1	3201.516	-15.31673	-3.036361E-006	0.1378283	9
	43	69	5.008013	3131.046	-853.5642	1	3245.308	-15.24903	-2.484883E-006	-0.2341746	9
	44	71	3.945707	3148.867	-724.8323	1	3231.214	-12.96301	-2.333799E-006	-0.3695226	9
	45	74	3.158693	3207.717	-814.376	1	3309.48	-14.2453	-3.166702E-006	-0.1244152	9
	46	77	2.504006	3209.383	-678.6589	1	3280.354	-11.93992	-2.302172E-006	-0.3165806	9
	47	81	1.998082	3244.307	-647.2037	1	3308.232	-11.28178	-2.432236E-006	-0.3370833	9
	48	86	1.584686	3398.779	-837.5081	1	3500.446	-13.84272	-4.605221E-006	-0.14469	9
	49	92	1.266892	3433.533	-630.3997	1	3490.924	-10.40369	-3.61088E-006	-0.334225	9
	50	98	0.999041	3543.606	-606.5588	1	3595.144	-9.71318	-2.329248E-006	0.1343419	9
