EXPLAIN
TAG	GALVEIS
TITLE	LABEL	Galvanostatic EIS	Test &Identifier
DATE	LABEL	12-12-2022	Date
TIME	LABEL	10:23:38	Time
NOTES	NOTES	1	&Notes...
	
PSTAT	PSTAT	REF3000-20110	Potentiostat
IDCREQ	QUANT	0.00000E+000	DC &Current (A)
FREQINIT	QUANT	1.00000E+005	Initial Fre&q. (Hz)
FREQFINAL	QUANT	1.00000E+000	Final Fre&q. (Hz)
PTSPERDEC	QUANT	1.00000E+001	Points/&decade
IACREQ	QUANT	1.00000E-003	AC &Current (A rms)
AREA	QUANT	1.00000E+000	&Area (cm^2)
CONDIT	TWOPARAM	F	1.50000E+001	0.00000E+000	Conditionin&g	Time(s)	E(V)
DELAY	TWOPARAM	T	1.00000E+002	0.00000E+000	Init. De&lay	Time(s)	Stab.(mV/s)
SPEED	SELECTOR	1	&Optimize for:
THD	SELECTOR	0	T&HD
DRIFTCOR	SELECTOR	0	&Drift Correction
ZGUESS	QUANT	1.00000E+002	E&stimated Z (ohms)
OCVCURVE	TABLE	400
	Pt	T	Vf	Vm	Ach	Over	Temp
	#	s	V vs. Ref.	V	V	bits	deg C
	0	0.25	4.12431E-003	4.12431E-003	4.93676E-004	...........	-327.63
	1	0.5	4.12438E-003	4.12761E-003	3.40610E-004	...........	-327.63
	2	0.75	4.12632E-003	4.21235E-003	4.85210E-004	...........	-327.63
	3	1	4.13547E-003	4.21292E-003	3.43343E-004	...........	-327.63
	4	1.25	4.15666E-003	4.29360E-003	5.06410E-004	...........	-327.63
	5	1.5	4.18894E-003	4.28668E-003	3.36210E-004	...........	-327.63
	6	1.75	4.22702E-003	4.36423E-003	4.97943E-004	...........	-327.63
	7	2	4.26602E-003	4.35413E-003	3.44610E-004	...........	-327.63
	8	2.25	4.30349E-003	4.43108E-003	4.97143E-004	...........	-327.63
	9	2.5	4.33912E-003	4.42439E-003	3.43610E-004	...........	-327.63
	10	2.75	4.37373E-003	4.50312E-003	4.92810E-004	...........	-327.63
	11	3	4.40821E-003	4.49124E-003	3.42010E-004	...........	-327.63
	12	3.25	4.44267E-003	4.56410E-003	4.86010E-004	...........	-327.63
	13	3.5	4.47643E-003	4.55094E-003	3.38610E-004	...........	-327.63
	14	3.75	4.50881E-003	4.62105E-003	4.87543E-004	...........	-327.63
	15	4	4.53963E-003	4.60757E-003	3.35143E-004	...........	-327.63
	16	4.25	4.56916E-003	4.67532E-003	4.83876E-004	...........	-327.63
	17	4.5	4.59765E-003	4.65959E-003	3.28943E-004	...........	-327.63
	18	4.75	4.62520E-003	4.72393E-003	4.82810E-004	...........	-327.63
	19	5	4.65168E-003	4.70659E-003	3.38943E-004	...........	-327.63
	20	5.25	4.67692E-003	4.76487E-003	4.91210E-004	...........	-327.63
	21	5.5	4.70092E-003	4.75782E-003	3.37610E-004	...........	-327.63
	22	5.75	4.72459E-003	4.83189E-003	4.99276E-004	...........	-327.63
	23	6	4.74962E-003	4.81150E-003	3.35210E-004	...........	-327.63
	24	6.25	4.77619E-003	4.86345E-003	4.97676E-004	...........	-327.63
	25	6.5	4.80204E-003	4.84717E-003	3.37410E-004	...........	-327.63
	26	6.75	4.82505E-003	4.90257E-003	4.94276E-004	...........	-327.63
	27	7	4.84537E-003	4.88576E-003	3.40143E-004	...........	-327.63
	28	7.25	4.86434E-003	4.93511E-003	4.86943E-004	...........	-327.63
	29	7.5	4.88274E-003	4.92413E-003	3.32010E-004	...........	-327.63
	30	7.75	4.90095E-003	4.97518E-003	4.88076E-004	...........	-327.63
	31	8	4.91946E-003	4.96533E-003	3.31676E-004	...........	-327.63
	32	8.25	4.93859E-003	5.01293E-003	4.91410E-004	...........	-327.63
	33	8.5	4.95814E-003	5.00255E-003	3.43810E-004	...........	-327.63
	34	8.75	4.97757E-003	5.04771E-003	4.88743E-004	...........	-327.63
	35	9	4.99655E-003	5.04149E-003	3.41543E-004	...........	-327.63
	36	9.25	5.01522E-003	5.08702E-003	4.90010E-004	...........	-327.63
	37	9.5	5.03395E-003	5.07875E-003	3.39676E-004	...........	-327.63
	38	9.75	5.05265E-003	5.11265E-003	4.96743E-004	...........	-327.63
	39	10	5.06995E-003	5.07817E-003	3.29810E-004	...........	-327.63
	40	10.25	5.08358E-003	5.12162E-003	4.89676E-004	...........	-327.63
	41	10.5	5.09335E-003	5.12693E-003	3.38076E-004	...........	-327.63
	42	10.75	5.10268E-003	5.15556E-003	4.86076E-004	...........	-327.63
	43	11	5.11504E-003	5.16185E-003	3.32743E-004	...........	-327.63
	44	11.25	5.13088E-003	5.20185E-003	4.82276E-004	...........	-327.63
	45	11.5	5.14933E-003	5.20886E-003	3.43876E-004	...........	-327.63
	46	11.75	5.16977E-003	5.24310E-003	4.87076E-004	...........	-327.63
	47	12	5.19128E-003	5.24610E-003	3.43876E-004	...........	-327.63
	48	12.25	5.21195E-003	5.24626E-003	4.98343E-004	...........	-327.63
	49	12.5	5.22918E-003	5.26245E-003	3.45410E-004	...........	-327.63
	50	12.75	5.24187E-003	5.27016E-003	4.93743E-004	...........	-327.63
	51	13	5.25221E-003	5.30991E-003	3.43676E-004	...........	-327.63
	52	13.25	5.26423E-003	5.32170E-003	4.84943E-004	...........	-327.63
	53	13.5	5.28049E-003	5.34526E-003	3.43743E-004	...........	-327.63
	54	13.75	5.29992E-003	5.34550E-003	4.79610E-004	...........	-327.63
	55	14	5.31931E-003	5.37503E-003	3.48210E-004	...........	-327.63
	56	14.25	5.33642E-003	5.36218E-003	4.87610E-004	...........	-327.63
	57	14.5	5.35080E-003	5.39858E-003	3.41743E-004	...........	-327.63
	58	14.75	5.36321E-003	5.39071E-003	4.95276E-004	...........	-327.63
	59	15	5.37515E-003	5.43185E-003	3.33076E-004	...........	-327.63
	60	15.25	5.38793E-003	5.41634E-003	4.97810E-004	...........	-327.63
	61	15.5	5.40160E-003	5.45365E-003	3.29276E-004	...........	-327.63
	62	15.75	5.41515E-003	5.43824E-003	5.01476E-004	...........	-327.63
	63	16	5.42793E-003	5.48213E-003	3.36210E-004	...........	-327.63
	64	16.25	5.44021E-003	5.46194E-003	4.88676E-004	...........	-327.63
	65	16.5	5.45283E-003	5.52492E-003	3.44876E-004	...........	-327.63
	66	16.75	5.46686E-003	5.49741E-003	4.91410E-004	...........	-327.63
	67	17	5.48276E-003	5.55583E-003	3.36876E-004	...........	-327.63
	68	17.25	5.49953E-003	5.51711E-003	4.87676E-004	...........	-327.63
	69	17.5	5.51544E-003	5.58342E-003	3.39343E-004	...........	-327.63
	70	17.75	5.52999E-003	5.55463E-003	4.81276E-004	...........	-327.63
	71	18	5.54433E-003	5.61769E-003	3.48210E-004	...........	-327.63
	72	18.25	5.55961E-003	5.58544E-003	4.84676E-004	...........	-327.63
	73	18.5	5.57574E-003	5.64972E-003	3.34543E-004	...........	-327.63
	74	18.75	5.59208E-003	5.61732E-003	4.80676E-004	...........	-327.63
	75	19	5.60832E-003	5.68366E-003	3.45210E-004	...........	-327.63
	76	19.25	5.62443E-003	5.64399E-003	4.82476E-004	...........	-327.63
	77	19.5	5.64014E-003	5.70979E-003	3.33743E-004	...........	-327.63
	78	19.75	5.65504E-003	5.66930E-003	4.76810E-004	...........	-327.63
	79	20	5.66883E-003	5.72793E-003	3.27410E-004	...........	-327.63
	80	20.25	5.68130E-003	5.68627E-003	4.79610E-004	...........	-327.63
	81	20.5	5.69249E-003	5.75706E-003	3.27343E-004	...........	-327.63
	82	20.75	5.70330E-003	5.71199E-003	4.88143E-004	...........	-327.63
	83	21	5.71482E-003	5.78727E-003	3.37810E-004	...........	-327.63
	84	21.25	5.72750E-003	5.73999E-003	4.82076E-004	...........	-327.63
	85	21.5	5.74105E-003	5.81127E-003	2.78010E-004	...........	-327.63
	86	21.75	5.75477E-003	5.76536E-003	2.57476E-004	...........	-327.63
	87	22	5.76811E-003	5.83582E-003	2.57210E-004	...........	-327.63
	88	22.25	5.78097E-003	5.79048E-003	2.56943E-004	...........	-327.63
	89	22.5	5.79363E-003	5.86585E-003	2.56876E-004	...........	-327.63
	90	22.75	5.80659E-003	5.82041E-003	2.57410E-004	...........	-327.63
	91	23	5.82023E-003	5.89499E-003	2.57610E-004	...........	-327.63
	92	23.25	5.83452E-003	5.85033E-003	2.56810E-004	...........	-327.63
	93	23.5	5.84916E-003	5.92321E-003	2.57210E-004	...........	-327.63
	94	23.75	5.86385E-003	5.87874E-003	2.57076E-004	...........	-327.63
	95	24	5.87836E-003	5.95019E-003	2.57343E-004	...........	-327.63
	96	24.25	5.89260E-003	5.90684E-003	2.58010E-004	...........	-327.63
	97	24.5	5.90661E-003	5.97788E-003	2.58343E-004	...........	-327.63
	98	24.75	5.92044E-003	5.93166E-003	2.57076E-004	...........	-327.63
	99	25	5.93404E-003	6.00394E-003	2.58076E-004	...........	-327.63
	100	25.25	5.94734E-003	5.95831E-003	2.58543E-004	...........	-327.63
	101	25.5	5.96047E-003	6.03120E-003	2.58076E-004	...........	-327.63
	102	25.75	5.97367E-003	5.98632E-003	2.57276E-004	...........	-327.63
	103	26	5.98705E-003	6.05640E-003	2.56743E-004	...........	-327.63
	104	26.25	6.00046E-003	6.01140E-003	2.58476E-004	...........	-327.63
	105	26.5	6.01364E-003	6.08058E-003	2.57876E-004	...........	-327.63
	106	26.75	6.02657E-003	6.04240E-003	2.56543E-004	...........	-327.63
	107	27	6.03963E-003	6.10819E-003	2.56876E-004	...........	-327.63
	108	27.25	6.05302E-003	6.06299E-003	2.57876E-004	...........	-327.63
	109	27.5	6.06624E-003	6.13163E-003	2.57543E-004	...........	-327.63
	110	27.75	6.07878E-003	6.08534E-003	2.57810E-004	...........	-327.63
	111	28	6.09064E-003	6.15501E-003	2.56810E-004	...........	-327.63
	112	28.25	6.10215E-003	6.10868E-003	2.57610E-004	...........	-327.63
	113	28.5	6.11421E-003	6.20938E-003	2.57210E-004	...........	-327.63
	114	28.75	6.12883E-003	6.16306E-003	2.58210E-004	...........	-327.63
	115	29	6.14717E-003	6.22645E-003	2.58143E-004	...........	-327.63
	116	29.25	6.16670E-003	6.17357E-003	2.57876E-004	...........	-327.63
	117	29.5	6.18315E-003	6.23654E-003	2.57876E-004	...........	-327.63
	118	29.75	6.19470E-003	6.18685E-003	2.57610E-004	...........	-327.63
	119	30	6.20261E-003	6.25207E-003	2.58876E-004	...........	-327.63
	120	30.25	6.20918E-003	6.20525E-003	2.58276E-004	...........	-327.63
	121	30.5	6.21620E-003	6.27637E-003	2.58143E-004	...........	-327.63
	122	30.75	6.22457E-003	6.22661E-003	2.57676E-004	...........	-327.63
	123	31	6.23418E-003	6.28965E-003	2.58343E-004	...........	-327.63
	124	31.25	6.24404E-003	6.24339E-003	2.58410E-004	...........	-327.63
	125	31.5	6.25340E-003	6.31165E-003	2.58676E-004	...........	-327.63
	126	31.75	6.26248E-003	6.26257E-003	2.59143E-004	...........	-327.63
	127	32	6.27175E-003	6.32948E-003	2.58476E-004	...........	-327.63
	128	32.25	6.28127E-003	6.28389E-003	2.59010E-004	...........	-327.63
	129	32.5	6.29115E-003	6.36015E-003	2.59210E-004	...........	-327.63
	130	32.75	6.30205E-003	6.31349E-003	2.57743E-004	...........	-327.63
	131	33	6.31445E-003	6.38695E-003	2.58210E-004	...........	-327.63
	132	33.25	6.32791E-003	6.33633E-003	2.58276E-004	...........	-327.63
	133	33.5	6.34139E-003	6.40814E-003	2.58476E-004	...........	-327.63
	134	33.75	6.35412E-003	6.36056E-003	2.57610E-004	...........	-327.63
	135	34	6.36605E-003	6.42899E-003	2.58276E-004	...........	-327.63
	136	34.25	6.37741E-003	6.38026E-003	2.58743E-004	...........	-327.63
	137	34.5	6.38825E-003	6.44657E-003	2.57543E-004	...........	-327.63
	138	34.75	6.39853E-003	6.40177E-003	2.57543E-004	...........	-327.63
	139	35	6.40837E-003	6.46198E-003	2.55876E-004	...........	-327.63
	140	35.25	6.41800E-003	6.42706E-003	2.59143E-004	...........	-327.63
	141	35.5	6.42777E-003	6.48292E-003	2.57410E-004	...........	-327.63
	142	35.75	6.43802E-003	6.44914E-003	2.56343E-004	...........	-327.63
	143	36	6.44862E-003	6.49996E-003	2.59476E-004	...........	-327.63
	144	36.25	6.45919E-003	6.47302E-003	2.57810E-004	...........	-327.63
	145	36.5	6.46963E-003	6.52141E-003	2.58210E-004	...........	-327.63
	146	36.75	6.48032E-003	6.50174E-003	2.57076E-004	...........	-327.63
	147	37	6.49150E-003	6.53703E-003	2.59076E-004	...........	-327.63
	148	37.25	6.50293E-003	6.52826E-003	2.57743E-004	...........	-327.63
	149	37.5	6.51437E-003	6.56284E-003	2.57810E-004	...........	-327.63
	150	37.75	6.52622E-003	6.56070E-003	2.58010E-004	...........	-327.63
	151	38	6.53889E-003	6.58398E-003	2.58810E-004	...........	-327.63
	152	38.25	6.55207E-003	6.58497E-003	2.56276E-004	...........	-327.63
	153	38.5	6.56476E-003	6.59359E-003	2.57343E-004	...........	-327.63
	154	38.75	6.57608E-003	6.60966E-003	2.59610E-004	...........	-327.63
	155	39	6.58609E-003	6.60948E-003	2.56810E-004	...........	-327.63
	156	39.25	6.59597E-003	6.65632E-003	2.57676E-004	...........	-327.63
	157	39.5	6.60792E-003	6.65702E-003	2.57543E-004	...........	-327.63
	158	39.75	6.62362E-003	6.69220E-003	2.58276E-004	...........	-327.63
	159	40	6.64200E-003	6.67050E-003	2.58610E-004	...........	-327.63
	160	40.25	6.65967E-003	6.71204E-003	2.58210E-004	...........	-327.63
	161	40.5	6.67409E-003	6.68297E-003	2.57476E-004	...........	-327.63
	162	40.75	6.68513E-003	6.73122E-003	2.58410E-004	...........	-327.63
	163	41	6.69401E-003	6.69448E-003	2.58143E-004	...........	-327.63
	164	41.25	6.70195E-003	6.75232E-003	2.58010E-004	...........	-327.63
	165	41.5	6.70979E-003	6.70985E-003	2.57876E-004	...........	-327.63
	166	41.75	6.71801E-003	6.77413E-003	2.57543E-004	...........	-327.63
	167	42	6.72679E-003	6.72862E-003	2.57943E-004	...........	-327.63
	168	42.25	6.73616E-003	6.79729E-003	2.56810E-004	...........	-327.63
	169	42.5	6.74612E-003	6.74998E-003	2.56943E-004	...........	-327.63
	170	42.75	6.75661E-003	6.82121E-003	2.58076E-004	...........	-327.63
	171	43	6.76749E-003	6.76946E-003	2.57543E-004	...........	-327.63
	172	43.25	6.77845E-003	6.84105E-003	2.58676E-004	...........	-327.63
	173	43.5	6.78923E-003	6.79471E-003	2.58143E-004	...........	-327.63
	174	43.75	6.80005E-003	6.86487E-003	2.58276E-004	...........	-327.63
	175	44	6.81130E-003	6.82110E-003	2.59276E-004	...........	-327.63
	176	44.25	6.82371E-003	6.91927E-003	2.57010E-004	...........	-327.63
	177	44.5	6.83905E-003	6.87973E-003	2.57276E-004	...........	-327.63
	178	44.75	6.85839E-003	6.94102E-003	2.57076E-004	...........	-327.63
	179	45	6.87934E-003	6.89627E-003	2.57410E-004	...........	-327.63
	180	45.25	6.89764E-003	6.95146E-003	2.59076E-004	...........	-327.63
	181	45.5	6.91111E-003	6.91058E-003	2.57743E-004	...........	-327.63
	182	45.75	6.92045E-003	6.96310E-003	2.56876E-004	...........	-327.63
	183	46	6.92764E-003	6.93032E-003	2.57010E-004	...........	-327.63
	184	46.25	6.93443E-003	6.97687E-003	2.57476E-004	...........	-327.63
	185	46.5	6.94167E-003	6.94812E-003	2.58343E-004	...........	-327.63
	186	46.75	6.94936E-003	6.98895E-003	2.58276E-004	...........	-327.63
	187	47	6.95718E-003	6.96735E-003	2.57343E-004	...........	-327.63
	188	47.25	6.96493E-003	6.99835E-003	2.57343E-004	...........	-327.63
	189	47.5	6.97248E-003	6.98512E-003	2.57410E-004	...........	-327.63
	190	47.75	6.97979E-003	7.01062E-003	2.58876E-004	...........	-327.63
	191	48	6.98711E-003	7.00736E-003	2.57210E-004	...........	-327.63
	192	48.25	6.99484E-003	7.02620E-003	2.57943E-004	...........	-327.63
	193	48.5	7.00336E-003	7.03643E-003	2.57210E-004	...........	-327.63
	194	48.75	7.01295E-003	7.04471E-003	2.58543E-004	...........	-327.63
	195	49	7.02341E-003	7.05536E-003	2.57076E-004	...........	-327.63
	196	49.25	7.03389E-003	7.05710E-003	2.57743E-004	...........	-327.63
	197	49.5	7.04370E-003	7.08019E-003	2.58143E-004	...........	-327.63
	198	49.75	7.05298E-003	7.07296E-003	2.58610E-004	...........	-327.63
	199	50	7.06226E-003	7.10235E-003	2.58410E-004	...........	-327.63
	200	50.25	7.07166E-003	7.08505E-003	2.57543E-004	...........	-327.63
	201	50.5	7.08081E-003	7.11889E-003	2.57010E-004	...........	-327.63
	202	50.75	7.08930E-003	7.09606E-003	2.57743E-004	...........	-327.63
	203	51	7.09702E-003	7.13488E-003	2.57210E-004	...........	-327.63
	204	51.25	7.10426E-003	7.11226E-003	2.57543E-004	...........	-327.63
	205	51.5	7.11175E-003	7.16255E-003	2.57210E-004	...........	-327.63
	206	51.75	7.12051E-003	7.14207E-003	2.58876E-004	...........	-327.63
	207	52	7.13147E-003	7.19837E-003	2.59810E-004	...........	-327.63
	208	52.25	7.14472E-003	7.16567E-003	2.57543E-004	...........	-327.63
	209	52.5	7.15919E-003	7.22268E-003	2.58210E-004	...........	-327.63
	210	52.75	7.17330E-003	7.18299E-003	2.57410E-004	...........	-327.63
	211	53	7.18600E-003	7.24267E-003	2.57010E-004	...........	-327.63
	212	53.25	7.19712E-003	7.20033E-003	2.59210E-004	...........	-327.63
	213	53.5	7.20707E-003	7.25955E-003	2.59143E-004	...........	-327.63
	214	53.75	7.21620E-003	7.21347E-003	2.58410E-004	...........	-327.63
	215	54	7.22474E-003	7.28107E-003	2.57410E-004	...........	-327.63
	216	54.25	7.23317E-003	7.23364E-003	2.57410E-004	...........	-327.63
	217	54.5	7.24204E-003	7.29941E-003	2.58876E-004	...........	-327.63
	218	54.75	7.25151E-003	7.25898E-003	2.57010E-004	...........	-327.63
	219	55	7.26170E-003	7.32479E-003	2.58943E-004	...........	-327.63
	220	55.25	7.27260E-003	7.27437E-003	2.57143E-004	...........	-327.63
	221	55.5	7.28341E-003	7.33379E-003	2.57210E-004	...........	-327.63
	222	55.75	7.29286E-003	7.28450E-003	2.58610E-004	...........	-327.63
	223	56	7.30048E-003	7.35084E-003	2.59076E-004	...........	-327.63
	224	56.25	7.30720E-003	7.30510E-003	2.56943E-004	...........	-327.63
	225	56.5	7.31443E-003	7.37187E-003	2.58143E-004	...........	-327.63
	226	56.75	7.32282E-003	7.32146E-003	2.58210E-004	...........	-327.63
	227	57	7.33199E-003	7.38884E-003	2.57676E-004	...........	-327.63
	228	57.25	7.34118E-003	7.33700E-003	2.57810E-004	...........	-327.63
	229	57.5	7.34990E-003	7.40167E-003	2.58610E-004	...........	-327.63
	230	57.75	7.35794E-003	7.35064E-003	2.57276E-004	...........	-327.63
	231	58	7.36537E-003	7.41709E-003	2.59210E-004	...........	-327.63
	232	58.25	7.37261E-003	7.37028E-003	2.58343E-004	...........	-327.63
	233	58.5	7.38024E-003	7.43603E-003	2.58210E-004	...........	-327.63
	234	58.75	7.38850E-003	7.38253E-003	2.57410E-004	...........	-327.63
	235	59	7.39679E-003	7.44376E-003	2.58410E-004	...........	-327.63
	236	59.25	7.40428E-003	7.39834E-003	2.57476E-004	...........	-327.63
	237	59.5	7.41104E-003	7.46280E-003	2.57143E-004	...........	-327.63
	238	59.75	7.41812E-003	7.42324E-003	2.58210E-004	...........	-327.63
	239	60	7.42641E-003	7.47903E-003	2.56476E-004	...........	-327.63
	240	60.25	7.43570E-003	7.43709E-003	2.57543E-004	...........	-327.63
	241	60.5	7.44504E-003	7.49892E-003	2.59076E-004	...........	-327.63
	242	60.75	7.45407E-003	7.45774E-003	2.57810E-004	...........	-327.63
	243	61	7.46315E-003	7.51891E-003	2.57276E-004	...........	-327.63
	244	61.25	7.47277E-003	7.48452E-003	2.58743E-004	...........	-327.63
	245	61.5	7.48329E-003	7.54648E-003	2.58343E-004	...........	-327.63
	246	61.75	7.49501E-003	7.51301E-003	2.56343E-004	...........	-327.63
	247	62	7.50770E-003	7.56511E-003	2.58143E-004	...........	-327.63
	248	62.25	7.52035E-003	7.52877E-003	2.58543E-004	...........	-327.63
	249	62.5	7.53190E-003	7.58578E-003	2.58810E-004	...........	-327.63
	250	62.75	7.54227E-003	7.55079E-003	2.57143E-004	...........	-327.63
	251	63	7.55214E-003	7.60368E-003	2.58876E-004	...........	-327.63
	252	63.25	7.56200E-003	7.57255E-003	2.58943E-004	...........	-327.63
	253	63.5	7.57190E-003	7.62009E-003	2.58343E-004	...........	-327.63
	254	63.75	7.58169E-003	7.59228E-003	2.56676E-004	...........	-327.63
	255	64	7.59132E-003	7.64113E-003	2.58743E-004	...........	-327.63
	256	64.25	7.60106E-003	7.61695E-003	2.57010E-004	...........	-327.63
	257	64.5	7.61121E-003	7.65727E-003	2.57076E-004	...........	-327.63
	258	64.75	7.62144E-003	7.63082E-003	2.57676E-004	...........	-327.63
	259	65	7.63102E-003	7.67286E-003	2.59276E-004	...........	-327.63
	260	65.25	7.63966E-003	7.64810E-003	2.57743E-004	...........	-327.63
	261	65.5	7.64775E-003	7.68870E-003	2.57343E-004	...........	-327.63
	262	65.75	7.65589E-003	7.67234E-003	2.57876E-004	...........	-327.63
	263	66	7.66459E-003	7.70639E-003	2.57143E-004	...........	-327.63
	264	66.25	7.67370E-003	7.67795E-003	2.58543E-004	...........	-327.63
	265	66.5	7.68204E-003	7.71133E-003	2.58343E-004	...........	-327.63
	266	66.75	7.68867E-003	7.69551E-003	2.57543E-004	...........	-327.63
	267	67	7.69430E-003	7.72947E-003	2.58410E-004	...........	-327.63
	268	67.25	7.70031E-003	7.70673E-003	2.58343E-004	...........	-327.63
	269	67.5	7.70689E-003	7.73346E-003	2.57876E-004	...........	-327.63
	270	67.75	7.71253E-003	7.68862E-003	2.57943E-004	...........	-327.63
	271	68	7.71523E-003	7.72983E-003	2.57743E-004	...........	-327.63
	272	68.25	7.71539E-003	7.72807E-003	2.57810E-004	...........	-327.63
	273	68.5	7.71699E-003	7.76206E-003	2.57943E-004	...........	-327.63
	274	68.75	7.72372E-003	7.75619E-003	2.57943E-004	...........	-327.63
	275	69	7.73513E-003	7.77464E-003	2.57343E-004	...........	-327.63
	276	69.25	7.74770E-003	7.76335E-003	2.58810E-004	...........	-327.63
	277	69.5	7.75832E-003	7.78841E-003	2.57143E-004	...........	-327.63
	278	69.75	7.76647E-003	7.78330E-003	2.56876E-004	...........	-327.63
	279	70	7.77339E-003	7.79308E-003	2.58876E-004	...........	-327.63
	280	70.25	7.77967E-003	7.78781E-003	2.57143E-004	...........	-327.63
	281	70.5	7.78506E-003	7.80829E-003	2.56876E-004	...........	-327.63
	282	70.75	7.78996E-003	7.80451E-003	2.59010E-004	...........	-327.63
	283	71	7.79545E-003	7.82310E-003	2.56676E-004	...........	-327.63
	284	71.25	7.80181E-003	7.81031E-003	2.58143E-004	...........	-327.63
	285	71.5	7.80815E-003	7.82753E-003	2.57543E-004	...........	-327.63
	286	71.75	7.81359E-003	7.82627E-003	2.58876E-004	...........	-327.63
	287	72	7.81832E-003	7.83292E-003	2.57076E-004	...........	-327.63
	288	72.25	7.82255E-003	7.81824E-003	2.56410E-004	...........	-327.63
	289	72.5	7.82547E-003	7.83270E-003	2.58410E-004	...........	-327.63
	290	72.75	7.82684E-003	7.83381E-003	2.58010E-004	...........	-327.63
	291	73	7.82822E-003	7.84753E-003	2.57010E-004	...........	-327.63
	292	73.25	7.83149E-003	7.85232E-003	2.58010E-004	...........	-327.63
	293	73.5	7.83721E-003	7.86530E-003	2.57743E-004	...........	-327.63
	294	73.75	7.84472E-003	7.86547E-003	2.57010E-004	...........	-327.63
	295	74	7.85299E-003	7.88451E-003	2.57076E-004	...........	-327.63
	296	74.25	7.86144E-003	7.88488E-003	2.57543E-004	...........	-327.63
	297	74.5	7.87018E-003	7.90473E-003	2.56610E-004	...........	-327.63
	298	74.75	7.87941E-003	7.90573E-003	2.54743E-004	...........	-327.63
	299	75	7.88904E-003	7.91971E-003	2.57010E-004	...........	-327.63
	300	75.25	7.89855E-003	7.91931E-003	2.57543E-004	...........	-327.63
	301	75.5	7.90732E-003	7.93239E-003	2.56343E-004	...........	-327.63
	302	75.75	7.91503E-003	7.92800E-003	2.57143E-004	...........	-327.63
	303	76	7.92165E-003	7.94307E-003	2.58010E-004	...........	-327.63
	304	76.25	7.92740E-003	7.93801E-003	2.58276E-004	...........	-327.63
	305	76.5	7.93265E-003	7.95357E-003	2.57276E-004	...........	-327.63
	306	76.75	7.93776E-003	7.94931E-003	2.56543E-004	...........	-327.63
	307	77	7.94300E-003	7.96734E-003	2.57743E-004	...........	-327.63
	308	77.25	7.94867E-003	7.96619E-003	2.57876E-004	...........	-327.63
	309	77.5	7.95496E-003	7.97740E-003	2.56743E-004	...........	-327.63
	310	77.75	7.96157E-003	7.97542E-003	2.57476E-004	...........	-327.63
	311	78	7.96790E-003	7.99074E-003	2.58676E-004	...........	-327.63
	312	78.25	7.97390E-003	7.99087E-003	2.58676E-004	...........	-327.63
	313	78.5	7.98007E-003	8.00540E-003	2.57276E-004	...........	-327.63
	314	78.75	7.98678E-003	8.00764E-003	2.58543E-004	...........	-327.63
	315	79	7.99406E-003	8.02078E-003	2.59143E-004	...........	-327.63
	316	79.25	8.00172E-003	8.02187E-003	2.56810E-004	...........	-327.63
	317	79.5	8.00948E-003	8.03770E-003	2.56676E-004	...........	-327.63
	318	79.75	8.01731E-003	8.04021E-003	2.58943E-004	...........	-327.63
	319	80	8.02529E-003	8.04936E-003	2.57076E-004	...........	-327.63
	320	80.25	8.03313E-003	8.05018E-003	2.57610E-004	...........	-327.63
	321	80.5	8.04030E-003	8.06149E-003	2.56543E-004	...........	-327.63
	322	80.75	8.04676E-003	8.06588E-003	2.57010E-004	...........	-327.63
	323	81	8.05307E-003	8.07630E-003	2.55476E-004	...........	-327.63
	324	81.25	8.05969E-003	8.07869E-003	2.57276E-004	...........	-327.63
	325	81.5	8.06659E-003	8.09017E-003	2.57943E-004	...........	-327.63
	326	81.75	8.07361E-003	8.09554E-003	2.58743E-004	...........	-327.63
	327	82	8.08077E-003	8.10377E-003	2.57143E-004	...........	-327.63
	328	82.25	8.08802E-003	8.10635E-003	2.57010E-004	...........	-327.63
	329	82.5	8.09504E-003	8.11662E-003	2.57610E-004	...........	-327.63
	330	82.75	8.10171E-003	8.12198E-003	2.56543E-004	...........	-327.63
	331	83	8.10828E-003	8.12950E-003	2.57143E-004	...........	-327.63
	332	83.25	8.11503E-003	8.13741E-003	2.56076E-004	...........	-327.63
	333	83.5	8.12206E-003	8.14721E-003	2.57410E-004	...........	-327.63
	334	83.75	8.12948E-003	8.15207E-003	2.54276E-004	...........	-327.63
	335	84	8.13722E-003	8.16221E-003	2.55010E-004	...........	-327.63
	336	84.25	8.14518E-003	8.17499E-003	2.56143E-004	...........	-327.63
	337	84.5	8.15365E-003	8.18413E-003	2.54943E-004	...........	-327.63
	338	84.75	8.17334E-003	8.73683E-003	2.57743E-004	...........	-327.63
	339	85	8.23274E-003	8.51455E-003	2.57743E-004	...........	-327.63
	340	85.25	8.33756E-003	8.42085E-003	2.57610E-004	...........	-327.63
	341	85.5	8.43578E-003	8.36692E-003	2.57543E-004	...........	-327.63
	342	85.75	8.47264E-003	8.33707E-003	2.57610E-004	...........	-327.63
	343	86	8.44959E-003	8.32426E-003	2.57610E-004	...........	-327.63
	344	86.25	8.40273E-003	8.32019E-003	2.58143E-004	...........	-327.63
	345	86.5	8.36115E-003	8.31721E-003	2.54943E-004	...........	-327.63
	346	86.75	8.33515E-003	8.32256E-003	2.57676E-004	...........	-327.63
	347	87	8.32308E-003	8.32619E-003	2.55876E-004	...........	-327.63
	348	87.25	8.32016E-003	8.33876E-003	2.57810E-004	...........	-327.63
	349	87.5	8.32266E-003	8.34190E-003	2.56610E-004	...........	-327.63
	350	87.75	8.32836E-003	8.35833E-003	2.58076E-004	...........	-327.63
	351	88	8.33590E-003	8.35743E-003	2.57076E-004	...........	-327.63
	352	88.25	8.34426E-003	8.37282E-003	2.56876E-004	...........	-327.63
	353	88.5	8.35278E-003	8.37953E-003	2.56676E-004	...........	-327.63
	354	88.75	8.36163E-003	8.40180E-003	2.53676E-004	...........	-327.63
	355	89	8.37186E-003	8.41711E-003	2.56610E-004	...........	-327.63
	356	89.25	8.38492E-003	8.45895E-003	2.58476E-004	...........	-327.63
	357	89.5	8.40179E-003	8.44877E-003	2.58543E-004	...........	-327.63
	358	89.75	8.42094E-003	8.46625E-003	2.57810E-004	...........	-327.63
	359	90	8.43849E-003	8.46630E-003	2.56010E-004	...........	-327.63
	360	90.25	8.45205E-003	8.48689E-003	2.58276E-004	...........	-327.63
	361	90.5	8.46242E-003	8.48372E-003	2.57610E-004	...........	-327.63
	362	90.75	8.47165E-003	8.51381E-003	2.56543E-004	...........	-327.63
	363	91	8.48133E-003	8.50953E-003	2.57343E-004	...........	-327.63
	364	91.25	8.49212E-003	8.53378E-003	2.56010E-004	...........	-327.63
	365	91.5	8.50353E-003	8.52702E-003	2.57410E-004	...........	-327.63
	366	91.75	8.51465E-003	8.55430E-003	2.55810E-004	...........	-327.63
	367	92	8.52500E-003	8.54313E-003	2.57476E-004	...........	-327.63
	368	92.25	8.53466E-003	8.57218E-003	2.57810E-004	...........	-327.63
	369	92.5	8.54378E-003	8.56016E-003	2.57676E-004	...........	-327.63
	370	92.75	8.55280E-003	8.60023E-003	2.58743E-004	...........	-327.63
	371	93	8.56254E-003	8.58895E-003	2.57143E-004	...........	-327.63
	372	93.25	8.57368E-003	8.62230E-003	2.58476E-004	...........	-327.63
	373	93.5	8.58572E-003	8.60390E-003	2.57210E-004	...........	-327.63
	374	93.75	8.59740E-003	8.64232E-003	2.57276E-004	...........	-327.63
	375	94	8.60803E-003	8.62471E-003	2.56943E-004	...........	-327.63
	376	94.25	8.61804E-003	8.66555E-003	2.56610E-004	...........	-327.63
	377	94.5	8.62807E-003	8.64197E-003	2.56943E-004	...........	-327.63
	378	94.75	8.63822E-003	8.68534E-003	2.58010E-004	...........	-327.63
	379	95	8.64826E-003	8.66279E-003	2.57143E-004	...........	-327.63
	380	95.25	8.65826E-003	8.70792E-003	2.58143E-004	...........	-327.63
	381	95.5	8.66847E-003	8.68379E-003	2.58876E-004	...........	-327.63
	382	95.75	8.67902E-003	8.73224E-003	2.56676E-004	...........	-327.63
	383	96	8.68989E-003	8.70318E-003	2.58076E-004	...........	-327.63
	384	96.25	8.70096E-003	8.75936E-003	2.58276E-004	...........	-327.63
	385	96.5	8.71227E-003	8.72539E-003	2.57743E-004	...........	-327.63
	386	96.75	8.72385E-003	8.78211E-003	2.59610E-004	...........	-327.63
	387	97	8.73545E-003	8.74503E-003	2.57943E-004	...........	-327.63
	388	97.25	8.74679E-003	8.80534E-003	2.58210E-004	...........	-327.63
	389	97.5	8.75770E-003	8.75977E-003	2.58676E-004	...........	-327.63
	390	97.75	8.76795E-003	8.82068E-003	2.57610E-004	...........	-327.63
	391	98	8.77736E-003	8.78012E-003	2.56876E-004	...........	-327.63
	392	98.25	8.78629E-003	8.84198E-003	2.56743E-004	...........	-327.63
	393	98.5	8.79532E-003	8.79387E-003	2.57143E-004	...........	-327.63
	394	98.75	8.80436E-003	8.85594E-003	2.57676E-004	...........	-327.63
	395	99	8.81275E-003	8.80137E-003	2.56876E-004	...........	-327.63
	396	99.25	8.81985E-003	8.86114E-003	2.58210E-004	...........	-327.63
	397	99.5	8.82541E-003	8.81073E-003	2.58010E-004	...........	-327.63
	398	99.75	8.82988E-003	8.87233E-003	2.58143E-004	...........	-327.63
	399	100	8.83412E-003	8.82108E-003	2.57210E-004	...........	-327.63
EOC	QUANT	0.0088341	Open Circuit (V)
PSTATMODEL	IQUANT	5	Pstat Model
PSTATSECTION	LABEL	REF3000-20110	Pstat Section
PSTATSERIALNO	LABEL	20110	Pstat Serial Number
CTRLMODE	IQUANT	0	Control Mode
ELECTROMETER	IQUANT	0	RE=0 or CS=1
IESTAB	IQUANT	0	I/E Stability
CASPEED	IQUANT	4	Control Amp Speed
CONVENTION	IQUANT	1	Current Convention
ICHRANGE	IQUANT	2	Ich Range
ICHRANGEMODE	TOGGLE	F	Ich Auto Range
ICHOFFSETENABLE	TOGGLE	T	Ich Offset Enable
ICHOFFSET	QUANT	0	Ich Offset (V)
ICHFILTER	IQUANT	3	Ich Filter
VCHRANGE	IQUANT	2	Vch Range
VCHRANGEMODE	TOGGLE	F	Vch Auto Range
VCHOFFSETENABLE	TOGGLE	T	Vch Offset Enable
VCHOFFSET	QUANT	0	Vch Offset (V)
VCHFILTER	IQUANT	3	Vch Filter
ACHRANGE	IQUANT	2	Ach Range
ACHOFFSETENABLE	TOGGLE	F	Ach Offset Enable
ACHOFFSET	QUANT	0	Ach Offset (V)
ACHFILTER	IQUANT	1	Ach Filter
IERANGELOWERLIMIT	IQUANT	2	I/E Range Lower Limit
IERANGEMODE	TOGGLE	F	I/E AutoRange
IERANGE	IQUANT	11	I/E Range
POSFEEDENABLE	TOGGLE	F	Positive Feedback IR Comp
POSFEEDRESISTANCE	QUANT	0	Positive Feedback Resistance (ohm)
ACHSELECT	IQUANT	4	Ach Select
SENSECABLEID	IQUANT	14	Sense Cable ID
PWRCABLEID	IQUANT	7	Power Cable ID
DCCALDATE	LABEL	8/9/2022	DC Calibration Date
ACCALDATE	LABEL	8/9/2022	AC Calibration Date
THERMOSELECT	IQUANT	1	Thermo Select
FRAMEWORKVERSION	LABEL	7.9.0	Framework Version
INSTRUMENTVERSION	LABEL	4.60	Instrument Version
COMPLIANCEVOLTAGE	IQUANT	0	Compliance Voltage
ZCURVE	TABLE
	Pt	Time	Freq	Zreal	Zimag	Zsig	Zmod	Zphz	Idc	Vdc	IERange
	#	s	Hz	ohm	ohm	V	ohm	°	A	V	#
	0	5	100078.1	1674.347	-192.9557	1	1685.428	-6.573901	-1.290307E-006	-0.2718516	9
	1	7	79453.13	1699.057	-225.2957	1	1713.929	-7.55338	-9.29697E-007	-0.2968231	9
	2	8	63140.62	1728.22	-259.9929	1	1747.668	-8.555401	-3.654063E-006	-0.2980815	9
	3	10	50203.12	1762.049	-297.1163	1	1786.923	-9.57117	-3.863799E-006	-0.2992064	9
	4	11	39890.62	1800.443	-337.0771	1	1831.725	-10.6041	-3.355607E-006	-0.3009118	9
	5	12	31640.63	1844.178	-380.1856	1	1882.958	-11.64859	-3.407726E-006	-0.2990421	9
	6	14	25171.88	1892.087	-424.5398	1	1939.13	-12.64638	-3.669037E-006	-0.298589	9
	7	15	20015.62	1943.711	-467.8882	1	1999.233	-13.53468	-3.229892E-006	-0.2987853	9
	8	17	15890.62	1988.826	-499.7795	1	2050.66	-14.10599	-3.643172E-006	-0.2952456	9
	9	18	12609.38	1993.064	-493.985	1	2053.369	-13.92036	-1.405911E-006	-0.2945109	9
	10	20	10078.13	1978.317	-470.9878	1	2033.609	-13.3914	-3.63579E-006	-0.2953058	9
	11	21	8015.625	1967.905	-455.5953	1	2019.954	-13.03506	-3.669631E-006	-0.2909184	9
	12	22	6328.125	1958.742	-440.522	1	2007.668	-12.67496	-1.15999E-006	-0.2802531	9
	13	24	5015.625	1978.623	-442.668	1	2027.537	-12.61085	-3.726448E-006	-0.2825215	9
	14	25	3984.375	2075.318	-508.3634	1	2136.674	-13.76397	-1.178289E-006	-0.282854	9
	15	27	3170.956	2115.292	-526.7105	1	2179.882	-13.98237	-3.513819E-006	-0.2786215	9
	16	28	2527.573	2159.405	-548.8369	1	2228.06	-14.26042	-2.821127E-006	-0.2760291	9
	17	29	1976.103	2207.887	-576.6708	1	2281.955	-14.63789	-2.722227E-006	-0.2705984	9
	18	31	1577.524	2271.194	-621.0872	1	2354.585	-15.29434	-3.849513E-006	-0.2674018	9
	19	32	1265.625	2360.969	-688.1752	1	2459.219	-16.25035	-1.046849E-006	-0.2520265	9
	20	34	998.264	2447.964	-748.8339	1	2559.937	-17.00891	-1.50654E-006	-0.2465166	9
	21	35	796.875	2511.929	-784.1013	1	2631.464	-17.33581	-3.991301E-006	-0.2513688	9
	22	37	627.7902	2582.404	-818.4685	1	2709.003	-17.58552	-1.547995E-006	-0.2301638	9
	23	38	505.5147	2669.903	-844.4193	1	2800.255	-17.55078	-2.519118E-006	-0.2101926	9
	24	39	397.9953	2733.189	-847.1924	1	2861.478	-17.2216	-2.506145E-006	-0.223897	9
	25	41	315.5048	2832.17	-863.1571	1	2960.781	-16.94959	-2.518963E-006	-0.1800207	9
	26	42	252.4038	2911.218	-849.3989	1	3032.601	-16.26553	-2.522245E-006	-0.2041075	9
	27	44	198.6229	3003.499	-844.9	1	3120.074	-15.71157	-2.495616E-006	-0.1514204	9
	28	45	158.3615	3071.019	-812.8636	1	3176.776	-14.82555	-2.532423E-006	-0.1872053	9
	29	46	125.558	3134.749	-780.4867	1	3230.45	-13.98117	-2.526408E-006	-0.2118649	9
	30	48	100.4464	3173.633	-753.3789	1	3261.828	-13.35408	-2.496639E-006	-0.0926559	9
	31	49	79.00281	3223.313	-726.2515	1	3304.117	-12.6974	-2.554118E-006	-0.1701743	9
	32	51	63.3446	3270.031	-715.942	1	3347.489	-12.3495	-2.544674E-006	-0.2357904	9
	33	52	50.22321	3294.427	-707.1075	1	3369.458	-12.11403	-2.532262E-006	-0.2182893	9
	34	54	38.42213	3292.919	-634.7336	1	3353.536	-10.91036	-2.43759E-006	-0.0139768	9
	35	55	31.25	3322.419	-666.8604	1	3388.683	-11.34933	-2.598228E-006	-0.1908644	9
	36	57	24.93351	3332.138	-679.7171	1	3400.758	-11.52949	-2.522546E-006	-0.2297186	9
	37	58	19.86229	3358.122	-720.8561	1	3434.62	-12.11529	-2.910594E-006	-0.044321	9
	38	60	15.625	3359.271	-676.0765	1	3426.628	-11.37916	-2.415396E-006	-0.3249047	9
	39	61	12.40079	3346.116	-584.5509	1	3396.792	-9.90931	-2.556333E-006	0.1704469	9
	40	63	9.93114	3334.383	-523.8193	1	3375.278	-8.927987	-2.544388E-006	0.1784259	9
	41	64	7.944915	3313.653	-511.1696	1	3352.848	-8.769418	-2.310233E-006	-0.2511334	9
	42	66	6.317385	3315.056	-500.0554	1	3352.559	-8.578037	-2.203882E-006	-0.0731373	9
	43	68	5.008013	3279.345	-384.279	1	3301.783	-6.683532	-2.544453E-006	0.2018002	9
	44	71	3.945707	3289.011	-411.3078	1	3314.629	-7.128129	-2.64469E-006	0.2155842	9
	45	74	3.158693	3289.227	-299.983	1	3302.878	-5.211055	-1.864209E-006	0.0570301	9
	46	77	2.504006	3360.89	-474.2651	1	3394.188	-8.032143	-2.915534E-006	0.1042405	9
	47	81	1.998082	3384.123	-424.5663	1	3410.652	-7.15087	-2.061292E-006	0.2031823	9
	48	86	1.584686	3553.697	-442.9203	1	3581.193	-7.104507	-7.085555E-007	-0.0795812	9
	49	91	1.266892	3733.146	-496.4763	1	3766.015	-7.575393	-1.619498E-006	0.1951936	9
	50	98	0.999041	3995.772	-576.2776	1	4037.114	-8.206716	-2.898274E-006	-0.2227321	9
