EXPLAIN
TAG	GALVEIS
TITLE	LABEL	Galvanostatic EIS	Test &Identifier
DATE	LABEL	12-12-2022	Date
TIME	LABEL	11:16:03	Time
NOTES	NOTES	1	&Notes...
	
PSTAT	PSTAT	REF3000-20110	Potentiostat
IDCREQ	QUANT	0.00000E+000	DC &Current (A)
FREQINIT	QUANT	1.00000E+005	Initial Fre&q. (Hz)
FREQFINAL	QUANT	1.00000E-001	Final Fre&q. (Hz)
PTSPERDEC	QUANT	5.00000E+000	Points/&decade
IACREQ	QUANT	1.00000E-004	AC &Current (A rms)
AREA	QUANT	1.00000E+000	&Area (cm^2)
CONDIT	TWOPARAM	F	1.50000E+001	0.00000E+000	Conditionin&g	Time(s)	E(V)
DELAY	TWOPARAM	T	1.00000E+002	0.00000E+000	Init. De&lay	Time(s)	Stab.(mV/s)
SPEED	SELECTOR	1	&Optimize for:
THD	SELECTOR	0	T&HD
DRIFTCOR	SELECTOR	0	&Drift Correction
ZGUESS	QUANT	5.00000E+002	E&stimated Z (ohms)
OCVCURVE	TABLE	400
	Pt	T	Vf	Vm	Ach	Over	Temp
	#	s	V vs. Ref.	V	V	bits	deg C
	0	0.25	-2.21379E-001	-2.21379E-001	2.85943E-004	...........	-327.63
	1	0.5	-2.21373E-001	-2.21101E-001	2.15610E-004	...........	-327.63
	2	0.75	-2.21326E-001	-2.20070E-001	2.91210E-004	...........	-327.63
	3	1	-2.21154E-001	-2.19639E-001	2.23143E-004	...........	-327.63
	4	1.25	-2.20788E-001	-2.18633E-001	2.85743E-004	...........	-327.63
	5	1.5	-2.20236E-001	-2.18187E-001	2.16676E-004	...........	-327.63
	6	1.75	-2.19563E-001	-2.16966E-001	2.91143E-004	...........	-327.63
	7	2	-2.18819E-001	-2.16399E-001	2.17476E-004	...........	-327.63
	8	2.25	-2.18019E-001	-2.15017E-001	2.88210E-004	...........	-327.63
	9	2.5	-2.17157E-001	-2.14249E-001	2.21610E-004	...........	-327.63
	10	2.75	-2.16218E-001	-2.12561E-001	2.97943E-004	...........	-327.63
	11	3	-2.15180E-001	-2.11336E-001	2.21343E-004	...........	-327.63
	12	3.25	-2.14015E-001	-2.09579E-001	2.90343E-004	...........	-327.63
	13	3.5	-2.12723E-001	-2.08868E-001	2.17676E-004	...........	-327.63
	14	3.75	-2.11353E-001	-2.06376E-001	2.87410E-004	...........	-327.63
	15	4	-2.09910E-001	-2.04367E-001	2.21010E-004	...........	-327.63
	16	4.25	-2.08297E-001	-2.01294E-001	2.88943E-004	...........	-327.63
	17	4.5	-2.06380E-001	-1.98610E-001	2.18610E-004	...........	-327.63
	18	4.75	-2.04091E-001	-1.94715E-001	2.89810E-004	...........	-327.63
	19	5	-2.01411E-001	-1.91120E-001	2.16610E-004	...........	-327.63
	20	5.25	-1.98331E-001	-1.86330E-001	2.90276E-004	...........	-327.63
	21	5.5	-1.94830E-001	-1.81705E-001	2.20343E-004	...........	-327.63
	22	5.75	-1.90854E-001	-1.74506E-001	2.91476E-004	...........	-327.63
	23	6	-1.86253E-001	-1.66903E-001	2.10343E-004	...........	-327.63
	24	6.25	-1.80847E-001	-1.60961E-001	2.93476E-004	...........	-327.63
	25	6.5	-1.74773E-001	-1.58796E-001	2.24543E-004	...........	-327.63
	26	6.75	-1.68731E-001	-1.56758E-001	2.90876E-004	...........	-327.63
	27	7	-1.63619E-001	-1.55978E-001	2.23143E-004	...........	-327.63
	28	7.25	-1.59915E-001	-1.54620E-001	2.91076E-004	...........	-327.63
	29	7.5	-1.57502E-001	-1.54153E-001	2.25410E-004	...........	-327.63
	30	7.75	-1.55957E-001	-1.52852E-001	3.01210E-004	...........	-327.63
	31	8	-1.54869E-001	-1.52567E-001	2.28543E-004	...........	-327.63
	32	8.25	-1.53982E-001	-1.51432E-001	2.97276E-004	...........	-327.63
	33	8.5	-1.53180E-001	-1.51131E-001	2.25743E-004	...........	-327.63
	34	8.75	-1.52423E-001	-1.49964E-001	2.93476E-004	...........	-327.63
	35	9	-1.51688E-001	-1.49615E-001	2.25476E-004	...........	-327.63
	36	9.25	-1.50953E-001	-1.48252E-001	2.87476E-004	...........	-327.63
	37	9.5	-1.50190E-001	-1.47704E-001	2.24010E-004	...........	-327.63
	38	9.75	-1.49372E-001	-1.46212E-001	2.94143E-004	...........	-327.63
	39	10	-1.48470E-001	-1.45036E-001	2.20143E-004	...........	-327.63
	40	10.25	-1.47443E-001	-1.43019E-001	2.95410E-004	...........	-327.63
	41	10.5	-1.46245E-001	-1.41932E-001	2.23476E-004	...........	-327.63
	42	10.75	-1.44875E-001	-1.39937E-001	2.93943E-004	...........	-327.63
	43	11	-1.43390E-001	-1.39003E-001	2.28276E-004	...........	-327.63
	44	11.25	-1.41871E-001	-1.37282E-001	2.93476E-004	...........	-327.63
	45	11.5	-1.40385E-001	-1.36488E-001	2.28543E-004	...........	-327.63
	46	11.75	-1.38976E-001	-1.34908E-001	2.98876E-004	...........	-327.63
	47	12	-1.37655E-001	-1.34216E-001	2.25076E-004	...........	-327.63
	48	12.25	-1.36412E-001	-1.32566E-001	2.89676E-004	...........	-327.63
	49	12.5	-1.35223E-001	-1.31966E-001	2.23076E-004	...........	-327.63
	50	12.75	-1.34069E-001	-1.30544E-001	2.90410E-004	...........	-327.63
	51	13	-1.32952E-001	-1.30079E-001	2.24810E-004	...........	-327.63
	52	13.25	-1.31890E-001	-1.28720E-001	2.92476E-004	...........	-327.63
	53	13.5	-1.30890E-001	-1.28361E-001	2.26876E-004	...........	-327.63
	54	13.75	-1.29951E-001	-1.27168E-001	2.98476E-004	...........	-327.63
	55	14	-1.29072E-001	-1.27025E-001	2.18943E-004	...........	-327.63
	56	14.25	-1.28264E-001	-1.26015E-001	2.91076E-004	...........	-327.63
	57	14.5	-1.27539E-001	-1.26015E-001	2.16676E-004	...........	-327.63
	58	14.75	-1.26899E-001	-1.25086E-001	2.93676E-004	...........	-327.63
	59	15	-1.26337E-001	-1.25133E-001	2.19276E-004	...........	-327.63
	60	15.25	-1.25833E-001	-1.24196E-001	2.90876E-004	...........	-327.63
	61	15.5	-1.25365E-001	-1.24220E-001	2.23476E-004	...........	-327.63
	62	15.75	-1.24913E-001	-1.23241E-001	2.97610E-004	...........	-327.63
	63	16	-1.24459E-001	-1.23237E-001	2.23210E-004	...........	-327.63
	64	16.25	-1.23995E-001	-1.22283E-001	2.96276E-004	...........	-327.63
	65	16.5	-1.23523E-001	-1.22427E-001	2.22876E-004	...........	-327.63
	66	16.75	-1.23060E-001	-1.21557E-001	2.96410E-004	...........	-327.63
	67	17	-1.22623E-001	-1.21723E-001	2.21276E-004	...........	-327.63
	68	17.25	-1.22221E-001	-1.20874E-001	2.94810E-004	...........	-327.63
	69	17.5	-1.21850E-001	-1.21093E-001	2.26543E-004	...........	-327.63
	70	17.75	-1.21502E-001	-1.20218E-001	2.96810E-004	...........	-327.63
	71	18	-1.21169E-001	-1.20478E-001	2.23210E-004	...........	-327.63
	72	18.25	-1.20847E-001	-1.19654E-001	2.98543E-004	...........	-327.63
	73	18.5	-1.20534E-001	-1.19852E-001	2.19543E-004	...........	-327.63
	74	18.75	-1.20229E-001	-1.19000E-001	2.97210E-004	...........	-327.63
	75	19	-1.19923E-001	-1.19262E-001	2.30143E-004	...........	-327.63
	76	19.25	-1.19615E-001	-1.18394E-001	2.89476E-004	...........	-327.63
	77	19.5	-1.19309E-001	-1.18687E-001	2.21943E-004	...........	-327.63
	78	19.75	-1.19007E-001	-1.17830E-001	2.96410E-004	...........	-327.63
	79	20	-1.18712E-001	-1.18135E-001	2.28076E-004	...........	-327.63
	80	20.25	-1.18425E-001	-1.17292E-001	2.99476E-004	...........	-327.63
	81	20.5	-1.18145E-001	-1.17564E-001	2.24610E-004	...........	-327.63
	82	20.75	-1.17866E-001	-1.16657E-001	2.88743E-004	...........	-327.63
	83	21	-1.17582E-001	-1.17025E-001	2.23076E-004	...........	-327.63
	84	21.25	-1.17296E-001	-1.16197E-001	2.90476E-004	...........	-327.63
	85	21.5	-1.17018E-001	-1.16545E-001	1.18343E-004	...........	-327.63
	86	21.75	-1.16754E-001	-1.15591E-001	6.86098E-005	...........	-327.63
	87	22	-1.16494E-001	-1.15936E-001	6.88097E-005	...........	-327.63
	88	22.25	-1.16223E-001	-1.15017E-001	6.88764E-005	...........	-327.63
	89	22.5	-1.15939E-001	-1.15398E-001	7.38764E-005	...........	-327.63
	90	22.75	-1.15652E-001	-1.14462E-001	7.05431E-005	...........	-327.63
	91	23	-1.15368E-001	-1.14826E-001	7.58097E-005	...........	-327.63
	92	23.25	-1.15088E-001	-1.13920E-001	6.95431E-005	...........	-327.63
	93	23.5	-1.14809E-001	-1.14281E-001	7.00764E-005	...........	-327.63
	94	23.75	-1.14531E-001	-1.13295E-001	7.10098E-005	...........	-327.63
	95	24	-1.14251E-001	-1.13770E-001	7.18764E-005	...........	-327.63
	96	24.25	-1.13971E-001	-1.12807E-001	7.34764E-005	...........	-327.63
	97	24.5	-1.13696E-001	-1.13199E-001	6.70764E-005	...........	-327.63
	98	24.75	-1.13427E-001	-1.12270E-001	7.37431E-005	...........	-327.63
	99	25	-1.13161E-001	-1.12717E-001	6.81431E-005	...........	-327.63
	100	25.25	-1.12898E-001	-1.11807E-001	6.98764E-005	...........	-327.63
	101	25.5	-1.12644E-001	-1.12265E-001	6.45431E-005	...........	-327.63
	102	25.75	-1.12402E-001	-1.11383E-001	7.39431E-005	...........	-327.63
	103	26	-1.12171E-001	-1.11830E-001	6.41431E-005	...........	-327.63
	104	26.25	-1.11948E-001	-1.10940E-001	6.68764E-005	...........	-327.63
	105	26.5	-1.11728E-001	-1.11334E-001	6.03431E-005	...........	-327.63
	106	26.75	-1.11505E-001	-1.10461E-001	6.77431E-005	...........	-327.63
	107	27	-1.11273E-001	-1.10825E-001	6.78764E-005	...........	-327.63
	108	27.25	-1.11034E-001	-1.09964E-001	6.71431E-005	...........	-327.63
	109	27.5	-1.10788E-001	-1.10338E-001	6.39431E-005	...........	-327.63
	110	27.75	-1.10542E-001	-1.09554E-001	6.72764E-005	...........	-327.63
	111	28	-1.10303E-001	-1.09938E-001	7.17431E-005	...........	-327.63
	112	28.25	-1.10077E-001	-1.09148E-001	7.12764E-005	...........	-327.63
	113	28.5	-1.09863E-001	-1.09476E-001	6.88764E-005	...........	-327.63
	114	28.75	-1.09652E-001	-1.08719E-001	6.29431E-005	...........	-327.63
	115	29	-1.09439E-001	-1.09025E-001	7.78764E-005	...........	-327.63
	116	29.25	-1.09223E-001	-1.08325E-001	7.02764E-005	...........	-327.63
	117	29.5	-1.09006E-001	-1.08570E-001	6.73431E-005	...........	-327.63
	118	29.75	-1.08790E-001	-1.07888E-001	6.67431E-005	...........	-327.63
	119	30	-1.08573E-001	-1.08100E-001	6.27431E-005	...........	-327.63
	120	30.25	-1.08354E-001	-1.07523E-001	7.02764E-005	...........	-327.63
	121	30.5	-1.08136E-001	-1.07639E-001	6.52764E-005	...........	-327.63
	122	30.75	-1.07912E-001	-1.06634E-001	6.84764E-005	...........	-327.63
	123	31	-1.07658E-001	-1.07027E-001	6.85431E-005	...........	-327.63
	124	31.25	-1.07372E-001	-1.06666E-001	6.85431E-005	...........	-327.63
	125	31.5	-1.07108E-001	-1.06726E-001	7.02098E-005	...........	-327.63
	126	31.75	-1.06905E-001	-1.06342E-001	6.45431E-005	...........	-327.63
	127	32	-1.06748E-001	-1.06335E-001	6.53431E-005	...........	-327.63
	128	32.25	-1.06602E-001	-1.06080E-001	6.59431E-005	...........	-327.63
	129	32.5	-1.06449E-001	-1.05998E-001	6.70764E-005	...........	-327.63
	130	32.75	-1.06292E-001	-1.05778E-001	6.75431E-005	...........	-327.63
	131	33	-1.06133E-001	-1.05635E-001	6.08764E-005	...........	-327.63
	132	33.25	-1.05973E-001	-1.05488E-001	6.16764E-005	...........	-327.63
	133	33.5	-1.05811E-001	-1.05300E-001	6.26098E-005	...........	-327.63
	134	33.75	-1.05651E-001	-1.05247E-001	6.02098E-005	...........	-327.63
	135	34	-1.05496E-001	-1.04997E-001	6.50764E-005	...........	-327.63
	136	34.25	-1.05350E-001	-1.05039E-001	6.44764E-005	...........	-327.63
	137	34.5	-1.05213E-001	-1.04744E-001	6.61431E-005	...........	-327.63
	138	34.75	-1.05087E-001	-1.04902E-001	6.89431E-005	...........	-327.63
	139	35	-1.04973E-001	-1.04554E-001	7.33431E-005	...........	-327.63
	140	35.25	-1.04872E-001	-1.04747E-001	6.47431E-005	...........	-327.63
	141	35.5	-1.04780E-001	-1.04310E-001	6.52097E-005	...........	-327.63
	142	35.75	-1.04688E-001	-1.04554E-001	6.45431E-005	...........	-327.63
	143	36	-1.04591E-001	-1.04083E-001	7.18764E-005	...........	-327.63
	144	36.25	-1.04490E-001	-1.04403E-001	6.48764E-005	...........	-327.63
	145	36.5	-1.04389E-001	-1.03847E-001	6.49431E-005	...........	-327.63
	146	36.75	-1.04289E-001	-1.04248E-001	6.20098E-005	...........	-327.63
	147	37	-1.04192E-001	-1.03665E-001	6.35431E-005	...........	-327.63
	148	37.25	-1.04099E-001	-1.04102E-001	6.44764E-005	...........	-327.63
	149	37.5	-1.04010E-001	-1.03471E-001	7.10764E-005	...........	-327.63
	150	37.75	-1.03925E-001	-1.03934E-001	6.76764E-005	...........	-327.63
	151	38	-1.03838E-001	-1.03227E-001	7.02098E-005	...........	-327.63
	152	38.25	-1.03745E-001	-1.03731E-001	6.66764E-005	...........	-327.63
	153	38.5	-1.03646E-001	-1.03017E-001	6.55431E-005	...........	-327.63
	154	38.75	-1.03542E-001	-1.03543E-001	6.36764E-005	...........	-327.63
	155	39	-1.03438E-001	-1.02792E-001	6.22098E-005	...........	-327.63
	156	39.25	-1.03334E-001	-1.03334E-001	6.55431E-005	...........	-327.63
	157	39.5	-1.03229E-001	-1.02567E-001	6.34098E-005	...........	-327.63
	158	39.75	-1.03123E-001	-1.03132E-001	6.38097E-005	...........	-327.63
	159	40	-1.03016E-001	-1.02342E-001	6.71431E-005	...........	-327.63
	160	40.25	-1.02908E-001	-1.02911E-001	6.62097E-005	...........	-327.63
	161	40.5	-1.02799E-001	-1.02077E-001	7.95431E-005	...........	-327.63
	162	40.75	-1.02685E-001	-1.02642E-001	6.92098E-005	...........	-327.63
	163	41	-1.02564E-001	-1.01807E-001	7.50764E-005	...........	-327.63
	164	41.25	-1.02435E-001	-1.02339E-001	6.70764E-005	...........	-327.63
	165	41.5	-1.02300E-001	-1.01555E-001	7.28764E-005	...........	-327.63
	166	41.75	-1.02161E-001	-1.02029E-001	6.59431E-005	...........	-327.63
	167	42	-1.02021E-001	-1.01290E-001	7.05431E-005	...........	-327.63
	168	42.25	-1.01880E-001	-1.01745E-001	6.21431E-005	...........	-327.63
	169	42.5	-1.01739E-001	-1.01025E-001	6.21431E-005	...........	-327.63
	170	42.75	-1.01600E-001	-1.01464E-001	6.50097E-005	...........	-327.63
	171	43	-1.01463E-001	-1.00799E-001	6.69431E-005	...........	-327.63
	172	43.25	-1.01328E-001	-1.01137E-001	6.30097E-005	...........	-327.63
	173	43.5	-1.01193E-001	-1.00521E-001	6.46098E-005	...........	-327.63
	174	43.75	-1.01053E-001	-1.00788E-001	5.98764E-005	...........	-327.63
	175	44	-1.00908E-001	-1.00302E-001	6.76097E-005	...........	-327.63
	176	44.25	-1.00761E-001	-1.00490E-001	6.60764E-005	...........	-327.63
	177	44.5	-1.00618E-001	-1.00084E-001	7.12098E-005	...........	-327.63
	178	44.75	-1.00481E-001	-1.00127E-001	6.84097E-005	...........	-327.63
	179	45	-1.00343E-001	-9.97894E-002	7.26097E-005	...........	-327.63
	180	45.25	-1.00196E-001	-9.97139E-002	7.30764E-005	...........	-327.63
	181	45.5	-1.00038E-001	-9.95317E-002	6.79431E-005	...........	-327.63
	182	45.75	-9.98733E-002	-9.93929E-002	7.48764E-005	...........	-327.63
	183	46	-9.97123E-002	-9.93098E-002	7.30764E-005	...........	-327.63
	184	46.25	-9.95597E-002	-9.90163E-002	7.23431E-005	...........	-327.63
	185	46.5	-9.94107E-002	-9.89885E-002	6.54764E-005	...........	-327.63
	186	46.75	-9.92530E-002	-9.84621E-002	6.98097E-005	...........	-327.63
	187	47	-9.90693E-002	-9.83536E-002	6.85431E-005	...........	-327.63
	188	47.25	-9.88370E-002	-9.74745E-002	6.66764E-005	...........	-327.63
	189	47.5	-9.85388E-002	-9.76726E-002	6.88097E-005	...........	-327.63
	190	47.75	-9.81868E-002	-9.68792E-002	6.90097E-005	...........	-327.63
	191	48	-9.78190E-002	-9.69576E-002	6.81431E-005	...........	-327.63
	192	48.25	-9.74696E-002	-9.66143E-002	6.72764E-005	...........	-327.63
	193	48.5	-9.71753E-002	-9.72464E-002	6.76097E-005	...........	-327.63
	194	48.75	-9.69754E-002	-9.62138E-002	6.86764E-005	...........	-327.63
	195	49	-9.68406E-002	-9.60301E-002	6.51431E-005	...........	-327.63
	196	49.25	-9.66720E-002	-9.58500E-002	6.84764E-005	...........	-327.63
	197	49.5	-9.64406E-002	-9.64891E-002	6.12764E-005	...........	-327.63
	198	49.75	-9.62355E-002	-9.57407E-002	5.76764E-005	...........	-327.63
	199	50	-9.61238E-002	-9.62577E-002	6.21431E-005	...........	-327.63
	200	50.25	-9.60698E-002	-9.53807E-002	6.34098E-005	...........	-327.63
	201	50.5	-9.60012E-002	-9.57455E-002	6.18098E-005	...........	-327.63
	202	50.75	-9.58671E-002	-9.44413E-002	6.34764E-005	...........	-327.63
	203	51	-9.56300E-002	-9.44409E-002	6.22764E-005	...........	-327.63
	204	51.25	-9.52734E-002	-9.38161E-002	6.40097E-005	...........	-327.63
	205	51.5	-9.48611E-002	-9.48973E-002	6.32097E-005	...........	-327.63
	206	51.75	-9.45379E-002	-9.42954E-002	6.55431E-005	...........	-327.63
	207	52	-9.44094E-002	-9.50915E-002	6.63431E-005	...........	-327.63
	208	52.25	-9.44506E-002	-9.43635E-002	6.91431E-005	...........	-327.63
	209	52.5	-9.45557E-002	-9.48817E-002	6.07431E-005	...........	-327.63
	210	52.75	-9.46314E-002	-9.42279E-002	6.33431E-005	...........	-327.63
	211	53	-9.46421E-002	-9.47492E-002	6.18098E-005	...........	-327.63
	212	53.25	-9.46031E-002	-9.41920E-002	6.70764E-005	...........	-327.63
	213	53.5	-9.45470E-002	-9.46727E-002	6.74764E-005	...........	-327.63
	214	53.75	-9.44965E-002	-9.41754E-002	6.49431E-005	...........	-327.63
	215	54	-9.44572E-002	-9.45335E-002	6.58097E-005	...........	-327.63
	216	54.25	-9.44211E-002	-9.40390E-002	6.24764E-005	...........	-327.63
	217	54.5	-9.43737E-002	-9.42009E-002	6.67431E-005	...........	-327.63
	218	54.75	-9.43016E-002	-9.38482E-002	6.66097E-005	...........	-327.63
	219	55	-9.42010E-002	-9.38082E-002	6.61431E-005	...........	-327.63
	220	55.25	-9.40761E-002	-9.36075E-002	6.72098E-005	...........	-327.63
	221	55.5	-9.39388E-002	-9.36770E-002	6.95431E-005	...........	-327.63
	222	55.75	-9.38106E-002	-9.35605E-002	6.84764E-005	...........	-327.63
	223	56	-9.37091E-002	-9.34832E-002	6.31431E-005	...........	-327.63
	224	56.25	-9.36314E-002	-9.34275E-002	6.50764E-005	...........	-327.63
	225	56.5	-9.35595E-002	-9.31623E-002	6.45431E-005	...........	-327.63
	226	56.75	-9.34732E-002	-9.30834E-002	6.79431E-005	...........	-327.63
	227	57	-9.33569E-002	-9.27389E-002	6.19431E-005	...........	-327.63
	228	57.25	-9.32096E-002	-9.28811E-002	6.49431E-005	...........	-327.63
	229	57.5	-9.30493E-002	-9.25039E-002	6.51431E-005	...........	-327.63
	230	57.75	-9.29001E-002	-9.27551E-002	6.32764E-005	...........	-327.63
	231	58	-9.27747E-002	-9.22853E-002	6.77431E-005	...........	-327.63
	232	58.25	-9.26699E-002	-9.25866E-002	6.79431E-005	...........	-327.63
	233	58.5	-9.25742E-002	-9.20081E-002	6.56098E-005	...........	-327.63
	234	58.75	-9.24735E-002	-9.22616E-002	6.66097E-005	...........	-327.63
	235	59	-9.23558E-002	-9.16532E-002	6.74764E-005	...........	-327.63
	236	59.25	-9.22179E-002	-9.20357E-002	6.32764E-005	...........	-327.63
	237	59.5	-9.20691E-002	-9.13375E-002	6.44097E-005	...........	-327.63
	238	59.75	-9.19205E-002	-9.17851E-002	6.22764E-005	...........	-327.63
	239	60	-9.17770E-002	-9.10772E-002	6.33431E-005	...........	-327.63
	240	60.25	-9.16397E-002	-9.15487E-002	6.70764E-005	...........	-327.63
	241	60.5	-9.15083E-002	-9.08055E-002	6.70764E-005	...........	-327.63
	242	60.75	-9.13800E-002	-9.12840E-002	6.23431E-005	...........	-327.63
	243	61	-9.12492E-002	-9.04291E-002	6.37431E-005	...........	-327.63
	244	61.25	-9.11078E-002	-9.09110E-002	6.33431E-005	...........	-327.63
	245	61.5	-9.09501E-002	-9.00869E-002	6.26098E-005	...........	-327.63
	246	61.75	-9.07799E-002	-9.05894E-002	5.98098E-005	...........	-327.63
	247	62	-9.06069E-002	-8.97898E-002	6.28764E-005	...........	-327.63
	248	62.25	-9.04395E-002	-9.03061E-002	6.32764E-005	...........	-327.63
	249	62.5	-9.02806E-002	-8.94567E-002	6.72764E-005	...........	-327.63
	250	62.75	-9.01261E-002	-8.99749E-002	6.30764E-005	...........	-327.63
	251	63	-8.99700E-002	-8.91225E-002	6.86098E-005	...........	-327.63
	252	63.25	-8.98102E-002	-8.96806E-002	6.54098E-005	...........	-327.63
	253	63.5	-8.96497E-002	-8.88247E-002	6.14097E-005	...........	-327.63
	254	63.75	-8.94921E-002	-8.93630E-002	6.62764E-005	...........	-327.63
	255	64	-8.93370E-002	-8.84985E-002	6.64098E-005	...........	-327.63
	256	64.25	-8.91810E-002	-8.90234E-002	6.50764E-005	...........	-327.63
	257	64.5	-8.90227E-002	-8.82394E-002	6.64098E-005	...........	-327.63
	258	64.75	-8.88649E-002	-8.86845E-002	6.51431E-005	...........	-327.63
	259	65	-8.87060E-002	-8.77658E-002	6.32097E-005	...........	-327.63
	260	65.25	-8.85333E-002	-8.81440E-002	5.89431E-005	...........	-327.63
	261	65.5	-8.83303E-002	-8.71573E-002	6.78097E-005	...........	-327.63
	262	65.75	-8.80890E-002	-8.74816E-002	6.98764E-005	...........	-327.63
	263	66	-8.78127E-002	-8.65950E-002	6.84764E-005	...........	-327.63
	264	66.25	-8.75169E-002	-8.69487E-002	6.23431E-005	...........	-327.63
	265	66.5	-8.72168E-002	-8.58639E-002	6.14764E-005	...........	-327.63
	266	66.75	-8.69112E-002	-8.62020E-002	6.31431E-005	...........	-327.63
	267	67	-8.65925E-002	-8.53839E-002	6.30764E-005	...........	-327.63
	268	67.25	-8.62728E-002	-8.57702E-002	5.82764E-005	...........	-327.63
	269	67.5	-8.59788E-002	-8.50176E-002	6.34098E-005	...........	-327.63
	270	67.75	-8.57252E-002	-8.53885E-002	6.56764E-005	...........	-327.63
	271	68	-8.55066E-002	-8.46340E-002	6.81431E-005	...........	-327.63
	272	68.25	-8.53087E-002	-8.50100E-002	6.34098E-005	...........	-327.63
	273	68.5	-8.51205E-002	-8.43519E-002	6.73431E-005	...........	-327.63
	274	68.75	-8.49420E-002	-8.47415E-002	5.72764E-005	...........	-327.63
	275	69	-8.47776E-002	-8.40679E-002	6.26098E-005	...........	-327.63
	276	69.25	-8.46264E-002	-8.44417E-002	6.22098E-005	...........	-327.63
	277	69.5	-8.44825E-002	-8.38111E-002	6.59431E-005	...........	-327.63
	278	69.75	-8.43426E-002	-8.41998E-002	6.40764E-005	...........	-327.63
	279	70	-8.42083E-002	-8.36069E-002	6.64764E-005	...........	-327.63
	280	70.25	-8.40829E-002	-8.39847E-002	6.39431E-005	...........	-327.63
	281	70.5	-8.39667E-002	-8.33908E-002	6.78764E-005	...........	-327.63
	282	70.75	-8.38564E-002	-8.37649E-002	6.31431E-005	...........	-327.63
	283	71	-8.37488E-002	-8.31935E-002	6.05431E-005	...........	-327.63
	284	71.25	-8.36426E-002	-8.35520E-002	6.56764E-005	...........	-327.63
	285	71.5	-8.35368E-002	-8.29470E-002	6.62097E-005	...........	-327.63
	286	71.75	-8.34276E-002	-8.32559E-002	5.75431E-005	...........	-327.63
	287	72	-8.33089E-002	-8.26307E-002	6.24764E-005	...........	-327.63
	288	72.25	-8.31763E-002	-8.29334E-002	6.50097E-005	...........	-327.63
	289	72.5	-8.30303E-002	-8.23097E-002	7.44097E-005	...........	-327.63
	290	72.75	-8.28753E-002	-8.26160E-002	6.68764E-005	...........	-327.63
	291	73	-8.27160E-002	-8.19909E-002	6.64098E-005	...........	-327.63
	292	73.25	-8.25552E-002	-8.22661E-002	6.77431E-005	...........	-327.63
	293	73.5	-8.23907E-002	-8.15661E-002	7.28764E-005	...........	-327.63
	294	73.75	-8.22149E-002	-8.17763E-002	6.92098E-005	...........	-327.63
	295	74	-8.20188E-002	-8.10493E-002	7.20764E-005	...........	-327.63
	296	74.25	-8.17994E-002	-8.13035E-002	6.92098E-005	...........	-327.63
	297	74.5	-8.15643E-002	-8.06326E-002	7.31431E-005	...........	-327.63
	298	74.75	-8.13286E-002	-8.09427E-002	6.78097E-005	...........	-327.63
	299	75	-8.11048E-002	-8.01968E-002	6.62764E-005	...........	-327.63
	300	75.25	-8.08915E-002	-8.04300E-002	5.85431E-005	...........	-327.63
	301	75.5	-8.06735E-002	-7.95635E-002	6.45431E-005	...........	-327.63
	302	75.75	-8.04358E-002	-7.99787E-002	6.74764E-005	...........	-327.63
	303	76	-8.01832E-002	-7.92072E-002	7.00764E-005	...........	-327.63
	304	76.25	-7.99344E-002	-7.94310E-002	6.68764E-005	...........	-327.63
	305	76.5	-7.96906E-002	-7.84503E-002	6.95431E-005	...........	-327.63
	306	76.75	-7.94266E-002	-7.86632E-002	7.12764E-005	...........	-327.63
	307	77	-7.91226E-002	-7.78151E-002	6.40764E-005	...........	-327.63
	308	77.25	-7.87880E-002	-7.80412E-002	7.13431E-005	...........	-327.63
	309	77.5	-7.84464E-002	-7.71275E-002	7.06097E-005	...........	-327.63
	310	77.75	-7.81123E-002	-7.75102E-002	7.02098E-005	...........	-327.63
	311	78	-7.77927E-002	-7.66008E-002	7.69431E-005	...........	-327.63
	312	78.25	-7.74905E-002	-7.68635E-002	7.60764E-005	...........	-327.63
	313	78.5	-7.71973E-002	-7.59417E-002	7.34097E-005	...........	-327.63
	314	78.75	-7.68996E-002	-7.62692E-002	7.01431E-005	...........	-327.63
	315	79	-7.65960E-002	-7.54502E-002	6.82764E-005	...........	-327.63
	316	79.25	-7.63007E-002	-7.58682E-002	6.67431E-005	...........	-327.63
	317	79.5	-7.60312E-002	-7.50856E-002	6.61431E-005	...........	-327.63
	318	79.75	-7.57962E-002	-7.55564E-002	6.66764E-005	...........	-327.63
	319	80	-7.55943E-002	-7.47851E-002	6.34098E-005	...........	-327.63
	320	80.25	-7.54187E-002	-7.52930E-002	6.60764E-005	...........	-327.63
	321	80.5	-7.52621E-002	-7.45209E-002	6.52764E-005	...........	-327.63
	322	80.75	-7.51185E-002	-7.50264E-002	6.59431E-005	...........	-327.63
	323	81	-7.49804E-002	-7.41534E-002	7.48098E-005	...........	-327.63
	324	81.25	-7.48355E-002	-7.45693E-002	7.44097E-005	...........	-327.63
	325	81.5	-7.46699E-002	-7.36973E-002	6.80097E-005	...........	-327.63
	326	81.75	-7.44790E-002	-7.41809E-002	6.91431E-005	...........	-327.63
	327	82	-7.42730E-002	-7.33412E-002	6.91431E-005	...........	-327.63
	328	82.25	-7.40684E-002	-7.38593E-002	6.85431E-005	...........	-327.63
	329	82.5	-7.38762E-002	-7.30091E-002	6.39431E-005	...........	-327.63
	330	82.75	-7.36980E-002	-7.35417E-002	6.53431E-005	...........	-327.63
	331	83	-7.35300E-002	-7.26917E-002	6.67431E-005	...........	-327.63
	332	83.25	-7.33679E-002	-7.32360E-002	6.56764E-005	...........	-327.63
	333	83.5	-7.32091E-002	-7.23740E-002	6.62764E-005	...........	-327.63
	334	83.75	-7.30520E-002	-7.29162E-002	6.64098E-005	...........	-327.63
	335	84	-7.28949E-002	-7.20590E-002	6.22764E-005	...........	-327.63
	336	84.25	-7.27376E-002	-7.26220E-002	6.88764E-005	...........	-327.63
	337	84.5	-7.25821E-002	-7.17843E-002	7.04764E-005	...........	-327.63
	338	84.75	-7.24307E-002	-7.23268E-002	6.64764E-005	...........	-327.63
	339	85	-7.22834E-002	-7.14840E-002	6.63431E-005	...........	-327.63
	340	85.25	-7.21378E-002	-7.20478E-002	6.59431E-005	...........	-327.63
	341	85.5	-7.19934E-002	-7.12338E-002	6.85431E-005	...........	-327.63
	342	85.75	-7.18528E-002	-7.18022E-002	6.84097E-005	...........	-327.63
	343	86	-7.17187E-002	-7.09989E-002	6.93431E-005	...........	-327.63
	344	86.25	-7.15914E-002	-7.15636E-002	6.88764E-005	...........	-327.63
	345	86.5	-7.14691E-002	-7.07657E-002	7.49431E-005	...........	-327.63
	346	86.75	-7.13498E-002	-7.13247E-002	6.76764E-005	...........	-327.63
	347	87	-7.12316E-002	-7.05308E-002	6.71431E-005	...........	-327.63
	348	87.25	-7.11135E-002	-7.10737E-002	6.45431E-005	...........	-327.63
	349	87.5	-7.09935E-002	-7.02516E-002	6.16764E-005	...........	-327.63
	350	87.75	-7.08681E-002	-7.07369E-002	6.00764E-005	...........	-327.63
	351	88	-7.07296E-002	-6.97882E-002	6.42098E-005	...........	-327.63
	352	88.25	-7.05657E-002	-7.01707E-002	6.62097E-005	...........	-327.63
	353	88.5	-7.03657E-002	-6.92634E-002	6.52764E-005	...........	-327.63
	354	88.75	-7.01324E-002	-6.97158E-002	6.08764E-005	...........	-327.63
	355	89	-6.98843E-002	-6.88637E-002	6.59431E-005	...........	-327.63
	356	89.25	-6.96429E-002	-6.93406E-002	6.53431E-005	...........	-327.63
	357	89.5	-6.94204E-002	-6.85164E-002	6.28098E-005	...........	-327.63
	358	89.75	-6.92186E-002	-6.90096E-002	6.35431E-005	...........	-327.63
	359	90	-6.90340E-002	-6.82042E-002	6.86098E-005	...........	-327.63
	360	90.25	-6.88623E-002	-6.87028E-002	6.60098E-005	...........	-327.63
	361	90.5	-6.86997E-002	-6.79063E-002	6.86764E-005	...........	-327.63
	362	90.75	-6.85434E-002	-6.84003E-002	6.01431E-005	...........	-327.63
	363	91	-6.83909E-002	-6.76109E-002	6.18764E-005	...........	-327.63
	364	91.25	-6.82406E-002	-6.81053E-002	6.48764E-005	...........	-327.63
	365	91.5	-6.80916E-002	-6.73195E-002	6.64764E-005	...........	-327.63
	366	91.75	-6.79440E-002	-6.78219E-002	6.52764E-005	...........	-327.63
	367	92	-6.77981E-002	-6.70413E-002	6.16764E-005	...........	-327.63
	368	92.25	-6.76544E-002	-6.75445E-002	6.50764E-005	...........	-327.63
	369	92.5	-6.75131E-002	-6.67720E-002	5.92764E-005	...........	-327.63
	370	92.75	-6.73742E-002	-6.72830E-002	6.25431E-005	...........	-327.63
	371	93	-6.72380E-002	-6.65155E-002	6.28098E-005	...........	-327.63
	372	93.25	-6.71049E-002	-6.70304E-002	6.14097E-005	...........	-327.63
	373	93.5	-6.69753E-002	-6.63018E-002	6.42098E-005	...........	-327.63
	374	93.75	-6.68510E-002	-6.68200E-002	6.02764E-005	...........	-327.63
	375	94	-6.67331E-002	-6.60549E-002	6.20764E-005	...........	-327.63
	376	94.25	-6.66186E-002	-6.65757E-002	5.80097E-005	...........	-327.63
	377	94.5	-6.65031E-002	-6.58074E-002	6.16764E-005	...........	-327.63
	378	94.75	-6.63843E-002	-6.63241E-002	5.96098E-005	...........	-327.63
	379	95	-6.62623E-002	-6.55553E-002	6.30764E-005	...........	-327.63
	380	95.25	-6.61381E-002	-6.60745E-002	5.71431E-005	...........	-327.63
	381	95.5	-6.60130E-002	-6.53121E-002	6.26764E-005	...........	-327.63
	382	95.75	-6.58888E-002	-6.58592E-002	6.20098E-005	...........	-327.63
	383	96	-6.57680E-002	-6.51017E-002	5.72097E-005	...........	-327.63
	384	96.25	-6.56524E-002	-6.56329E-002	6.13431E-005	...........	-327.63
	385	96.5	-6.55403E-002	-6.48581E-002	5.72764E-005	...........	-327.63
	386	96.75	-6.54278E-002	-6.53826E-002	5.58097E-005	...........	-327.63
	387	97	-6.53117E-002	-6.46104E-002	6.36098E-005	...........	-327.63
	388	97.25	-6.51916E-002	-6.51436E-002	5.59431E-005	...........	-327.63
	389	97.5	-6.50698E-002	-6.43782E-002	6.03431E-005	...........	-327.63
	390	97.75	-6.49488E-002	-6.49182E-002	6.05431E-005	...........	-327.63
	391	98	-6.48305E-002	-6.41652E-002	5.49431E-005	...........	-327.63
	392	98.25	-6.47160E-002	-6.47122E-002	5.78098E-005	...........	-327.63
	393	98.5	-6.46065E-002	-6.39924E-002	6.34098E-005	...........	-327.63
	394	98.75	-6.45029E-002	-6.45251E-002	5.90764E-005	...........	-327.63
	395	99	-6.44049E-002	-6.37855E-002	6.06764E-005	...........	-327.63
	396	99.25	-6.43092E-002	-6.43368E-002	5.56764E-005	...........	-327.63
	397	99.5	-6.42139E-002	-6.36244E-002	5.94764E-005	...........	-327.63
	398	99.75	-6.41212E-002	-6.42017E-002	5.90098E-005	...........	-327.63
	399	100	-6.40349E-002	-6.34927E-002	5.79431E-005	...........	-327.63
EOC	QUANT	-0.0640349	Open Circuit (V)
PSTATMODEL	IQUANT	5	Pstat Model
PSTATSECTION	LABEL	REF3000-20110	Pstat Section
PSTATSERIALNO	LABEL	20110	Pstat Serial Number
CTRLMODE	IQUANT	0	Control Mode
ELECTROMETER	IQUANT	0	RE=0 or CS=1
IESTAB	IQUANT	0	I/E Stability
CASPEED	IQUANT	4	Control Amp Speed
CONVENTION	IQUANT	1	Current Convention
ICHRANGE	IQUANT	2	Ich Range
ICHRANGEMODE	TOGGLE	F	Ich Auto Range
ICHOFFSETENABLE	TOGGLE	T	Ich Offset Enable
ICHOFFSET	QUANT	0	Ich Offset (V)
ICHFILTER	IQUANT	3	Ich Filter
VCHRANGE	IQUANT	2	Vch Range
VCHRANGEMODE	TOGGLE	F	Vch Auto Range
VCHOFFSETENABLE	TOGGLE	T	Vch Offset Enable
VCHOFFSET	QUANT	0	Vch Offset (V)
VCHFILTER	IQUANT	3	Vch Filter
ACHRANGE	IQUANT	2	Ach Range
ACHOFFSETENABLE	TOGGLE	F	Ach Offset Enable
ACHOFFSET	QUANT	0	Ach Offset (V)
ACHFILTER	IQUANT	1	Ach Filter
IERANGELOWERLIMIT	IQUANT	2	I/E Range Lower Limit
IERANGEMODE	TOGGLE	F	I/E AutoRange
IERANGE	IQUANT	11	I/E Range
POSFEEDENABLE	TOGGLE	F	Positive Feedback IR Comp
POSFEEDRESISTANCE	QUANT	0	Positive Feedback Resistance (ohm)
ACHSELECT	IQUANT	4	Ach Select
SENSECABLEID	IQUANT	14	Sense Cable ID
PWRCABLEID	IQUANT	7	Power Cable ID
DCCALDATE	LABEL	8/9/2022	DC Calibration Date
ACCALDATE	LABEL	8/9/2022	AC Calibration Date
THERMOSELECT	IQUANT	1	Thermo Select
FRAMEWORKVERSION	LABEL	7.9.0	Framework Version
INSTRUMENTVERSION	LABEL	4.60	Instrument Version
COMPLIANCEVOLTAGE	IQUANT	0	Compliance Voltage
ZCURVE	TABLE
	Pt	Time	Freq	Zreal	Zimag	Zsig	Zmod	Zphz	Idc	Vdc	IERange
	#	s	Hz	ohm	ohm	V	ohm	°	A	V	#
	0	6	100078.1	34533.96	-10027.43	1	35960.31	-16.1914	-1.489399E-006	-0.0923573	8
	1	7	63140.62	36290.53	-6741.112	1	36911.31	-10.52299	-1.054949E-006	-0.0964682	8
	2	9	39890.62	37089.9	-4425.953	1	37353.04	-6.804949	-1.060597E-006	-0.0990086	8
	3	10	25171.88	37446.48	-2884.502	1	37557.41	-4.404796	7.11776E-007	-0.101837	8
	4	12	15890.62	37594.22	-1880.034	1	37641.2	-2.862897	-8.455057E-007	-0.1041361	8
	5	13	10078.13	37628.18	-1239.238	1	37648.59	-1.886285	-1.506216E-006	-0.1036276	8
	6	14	6328.125	37540.75	-822.8409	1	37549.77	-1.255643	7.129253E-007	-0.104482	8
	7	16	3984.375	37318.59	-562.9299	1	37322.83	-0.8642091	-1.213028E-006	-0.105511	8
	8	17	2527.573	36968.64	-406.763	1	36970.88	-0.6303954	-6.682362E-007	-0.1038098	8
	9	19	1577.524	37038.42	-326.3242	1	37039.86	-0.504787	3.751402E-007	-0.107496	8
	10	20	998.264	37067.17	-301.2497	1	37068.39	-0.46564	8.712548E-007	-0.1059085	8
	11	21	627.7902	37084.46	-315.0648	1	37085.8	-0.4867657	-1.52232E-006	-0.1052133	8
	12	23	397.9953	37121.54	-369.2075	1	37123.38	-0.5698398	-3.530677E-007	-0.1107621	8
	13	24	252.4038	37155.06	-471.5496	1	37158.05	-0.7271245	-3.583277E-007	-0.1125143	8
	14	26	158.3615	37207.24	-632.6788	1	37212.62	-0.974174	-3.674372E-007	-0.1134216	8
	15	27	100.4464	37306.45	-856.1125	1	37316.27	-1.314599	-3.662981E-007	-0.1158713	8
	16	29	63.3446	37441.3	-1154.842	1	37459.11	-1.766674	-3.617234E-007	-0.0960705	8
	17	30	38.42213	37715.01	-1585.245	1	37748.31	-2.406851	-3.640089E-007	-0.111234	8
	18	31	24.93351	38052.42	-1998.286	1	38104.86	-3.006071	-3.660122E-007	-0.1132675	8
	19	33	15.625	38593.75	-2441.803	1	38670.91	-3.620244	-3.422833E-007	-0.1597453	8
	20	34	9.93114	39174.02	-2774.35	1	39272.13	-4.050991	-3.843787E-007	-0.1525165	8
	21	36	6.317385	39656.22	-2987.843	1	39768.62	-4.308731	-3.201429E-007	-0.1714468	8
	22	38	3.945707	40133.68	-3064.837	1	40250.53	-4.366958	-3.792685E-007	-0.1313788	8
	23	40	2.504006	40577.25	-3109.182	1	40696.2	-4.381657	-3.656284E-007	-0.1878365	8
	24	43	1.584686	40694.79	-3050.142	1	40808.94	-4.286399	-1.598576E-007	-0.1241723	8
	25	46	0.999041	41044.16	-2925.671	1	41148.3	-4.077207	-2.956584E-007	-0.0403147	8
	26	50	0.6334459	41356.05	-3140.175	1	41475.1	-4.34215	-3.169762E-007	-0.0556416	8
	27	58	0.400641	41518.35	-3573.397	1	41671.84	-4.919205	-3.206771E-007	-0.071545	8
	28	69	0.2520161	41941.92	-4459.956	1	42178.38	-6.069822	-3.186444E-007	-0.0524574	8
	29	90	0.1588983	42509.18	-4958.847	1	42797.43	-6.653685	-3.190728E-007	-0.0286737	8
	30	121	0.1001603	42932.78	-5116.813	1	43236.62	-6.796565	-3.171122E-007	0.016833	8
