EXPLAIN
TAG	GALVEIS
TITLE	LABEL	Galvanostatic EIS	Test &Identifier
DATE	LABEL	12-12-2022	Date
TIME	LABEL	9:00:52	Time
NOTES	NOTES	1	&Notes...
	
PSTAT	PSTAT	REF3000-20110	Potentiostat
IDCREQ	QUANT	0.00000E+000	DC &Current (A)
FREQINIT	QUANT	1.00000E+005	Initial Fre&q. (Hz)
FREQFINAL	QUANT	1.00000E+000	Final Fre&q. (Hz)
PTSPERDEC	QUANT	1.00000E+001	Points/&decade
IACREQ	QUANT	1.00000E-003	AC &Current (A rms)
AREA	QUANT	1.00000E+000	&Area (cm^2)
CONDIT	TWOPARAM	F	1.50000E+001	0.00000E+000	Conditionin&g	Time(s)	E(V)
DELAY	TWOPARAM	T	1.00000E+002	0.00000E+000	Init. De&lay	Time(s)	Stab.(mV/s)
SPEED	SELECTOR	1	&Optimize for:
THD	SELECTOR	0	T&HD
DRIFTCOR	SELECTOR	0	&Drift Correction
ZGUESS	QUANT	1.00000E+002	E&stimated Z (ohms)
OCVCURVE	TABLE	400
	Pt	T	Vf	Vm	Ach	Over	Temp
	#	s	V vs. Ref.	V	V	bits	deg C
	0	0.25	1.56380E-002	1.56380E-002	3.29410E-004	...........	-327.63
	1	0.5	1.56353E-002	1.54988E-002	2.43210E-004	...........	-327.63
	2	0.75	1.56219E-002	1.55198E-002	3.23343E-004	...........	-327.63
	3	1	1.55913E-002	1.54127E-002	2.39010E-004	...........	-327.63
	4	1.25	1.55486E-002	1.55155E-002	3.24143E-004	...........	-327.63
	5	1.5	1.55091E-002	1.54720E-002	2.41943E-004	...........	-327.63
	6	1.75	1.54871E-002	1.55613E-002	3.29543E-004	...........	-327.63
	7	2	1.54859E-002	1.54832E-002	2.36076E-004	...........	-327.63
	8	2.25	1.54978E-002	1.55909E-002	3.21810E-004	...........	-327.63
	9	2.5	1.55140E-002	1.55364E-002	2.39610E-004	...........	-327.63
	10	2.75	1.55309E-002	1.56032E-002	3.27210E-004	...........	-327.63
	11	3	1.55469E-002	1.55279E-002	2.40343E-004	...........	-327.63
	12	3.25	1.55587E-002	1.56068E-002	3.26076E-004	...........	-327.63
	13	3.5	1.55655E-002	1.55491E-002	2.37543E-004	...........	-327.63
	14	3.75	1.55696E-002	1.56158E-002	3.27943E-004	...........	-327.63
	15	4	1.55740E-002	1.55594E-002	2.37076E-004	...........	-327.63
	16	4.25	1.55791E-002	1.56319E-002	3.24076E-004	...........	-327.63
	17	4.5	1.55853E-002	1.55855E-002	2.36743E-004	...........	-327.63
	18	4.75	1.55929E-002	1.56565E-002	3.24676E-004	...........	-327.63
	19	5	1.56025E-002	1.56052E-002	2.33810E-004	...........	-327.63
	20	5.25	1.56133E-002	1.56750E-002	3.28943E-004	...........	-327.63
	21	5.5	1.56240E-002	1.56217E-002	2.43076E-004	...........	-327.63
	22	5.75	1.56339E-002	1.56799E-002	3.30143E-004	...........	-327.63
	23	6	1.56419E-002	1.56279E-002	2.37610E-004	...........	-327.63
	24	6.25	1.56473E-002	1.56584E-002	3.24210E-004	...........	-327.63
	25	6.5	1.56486E-002	1.55935E-002	2.36610E-004	...........	-327.63
	26	6.75	1.56433E-002	1.55857E-002	3.33076E-004	...........	-327.63
	27	7	1.56291E-002	1.55284E-002	2.35543E-004	...........	-327.63
	28	7.25	1.56068E-002	1.55632E-002	3.31943E-004	...........	-327.63
	29	7.5	1.55825E-002	1.55477E-002	2.44876E-004	...........	-327.63
	30	7.75	1.55649E-002	1.55991E-002	3.18610E-004	...........	-327.63
	31	8	1.55597E-002	1.55894E-002	2.43676E-004	...........	-327.63
	32	8.25	1.55666E-002	1.56304E-002	3.31743E-004	...........	-327.63
	33	8.5	1.55813E-002	1.56289E-002	2.40410E-004	...........	-327.63
	34	8.75	1.55991E-002	1.56595E-002	3.32676E-004	...........	-327.63
	35	9	1.56172E-002	1.56557E-002	2.44276E-004	...........	-327.63
	36	9.25	1.56337E-002	1.56716E-002	3.25543E-004	...........	-327.63
	37	9.5	1.56475E-002	1.56692E-002	2.42876E-004	...........	-327.63
	38	9.75	1.56580E-002	1.56744E-002	3.31076E-004	...........	-327.63
	39	10	1.56654E-002	1.56783E-002	2.42743E-004	...........	-327.63
	40	10.25	1.56703E-002	1.56715E-002	3.24943E-004	...........	-327.63
	41	10.5	1.56735E-002	1.56894E-002	2.41676E-004	...........	-327.63
	42	10.75	1.56759E-002	1.56794E-002	3.27610E-004	...........	-327.63
	43	11	1.56790E-002	1.57129E-002	2.39143E-004	...........	-327.63
	44	11.25	1.56838E-002	1.56949E-002	3.21143E-004	...........	-327.63
	45	11.5	1.56906E-002	1.57301E-002	2.36476E-004	...........	-327.63
	46	11.75	1.56986E-002	1.57029E-002	3.20343E-004	...........	-327.63
	47	12	1.57061E-002	1.57314E-002	2.34543E-004	...........	-327.63
	48	12.25	1.57117E-002	1.56877E-002	3.16610E-004	...........	-327.63
	49	12.5	1.57139E-002	1.57302E-002	2.35476E-004	...........	-327.63
	50	12.75	1.57130E-002	1.56795E-002	3.16743E-004	...........	-327.63
	51	13	1.57105E-002	1.57302E-002	2.35676E-004	...........	-327.63
	52	13.25	1.57077E-002	1.56705E-002	3.24810E-004	...........	-327.63
	53	13.5	1.57050E-002	1.57224E-002	2.39410E-004	...........	-327.63
	54	13.75	1.57019E-002	1.56569E-002	3.20676E-004	...........	-327.63
	55	14	1.56980E-002	1.57138E-002	2.37343E-004	...........	-327.63
	56	14.25	1.56932E-002	1.56407E-002	3.23676E-004	...........	-327.63
	57	14.5	1.56877E-002	1.57047E-002	2.36410E-004	...........	-327.63
	58	14.75	1.56819E-002	1.56341E-002	3.17276E-004	...........	-327.63
	59	15	1.56766E-002	1.57019E-002	2.34943E-004	...........	-327.63
	60	15.25	1.56724E-002	1.56328E-002	3.14876E-004	...........	-327.63
	61	15.5	1.56696E-002	1.57023E-002	2.40610E-004	...........	-327.63
	62	15.75	1.56680E-002	1.56266E-002	3.25543E-004	...........	-327.63
	63	16	1.56669E-002	1.56996E-002	2.36543E-004	...........	-327.63
	64	16.25	1.56657E-002	1.56261E-002	3.19810E-004	...........	-327.63
	65	16.5	1.56646E-002	1.57089E-002	2.39743E-004	...........	-327.63
	66	16.75	1.56646E-002	1.56363E-002	3.17610E-004	...........	-327.63
	67	17	1.56665E-002	1.57223E-002	2.40743E-004	...........	-327.63
	68	17.25	1.56705E-002	1.56546E-002	3.23076E-004	...........	-327.63
	69	17.5	1.56762E-002	1.57331E-002	2.37410E-004	...........	-327.63
	70	17.75	1.56829E-002	1.56654E-002	3.15943E-004	...........	-327.63
	71	18	1.56895E-002	1.57386E-002	2.40876E-004	...........	-327.63
	72	18.25	1.56953E-002	1.56771E-002	3.23543E-004	...........	-327.63
	73	18.5	1.57003E-002	1.57476E-002	2.46343E-004	...........	-327.63
	74	18.75	1.57049E-002	1.56810E-002	3.25676E-004	...........	-327.63
	75	19	1.57090E-002	1.57504E-002	2.41943E-004	...........	-327.63
	76	19.25	1.57123E-002	1.56859E-002	3.24943E-004	...........	-327.63
	77	19.5	1.57149E-002	1.57553E-002	2.40943E-004	...........	-327.63
	78	19.75	1.57171E-002	1.56917E-002	3.23543E-004	...........	-327.63
	79	20	1.57194E-002	1.57584E-002	2.42410E-004	...........	-327.63
	80	20.25	1.57217E-002	1.56958E-002	3.24143E-004	...........	-327.63
	81	20.5	1.57239E-002	1.57614E-002	2.41543E-004	...........	-327.63
	82	20.75	1.57260E-002	1.57052E-002	3.25543E-004	...........	-327.63
	83	21	1.57281E-002	1.57591E-002	2.46943E-004	...........	-327.63
	84	21.25	1.57300E-002	1.56983E-002	3.20676E-004	...........	-327.63
	85	21.5	1.57307E-002	1.57487E-002	1.23343E-004	...........	-327.63
	86	21.75	1.57291E-002	1.56773E-002	6.94098E-005	...........	-327.63
	87	22	1.57247E-002	1.57279E-002	7.17431E-005	...........	-327.63
	88	22.25	1.57178E-002	1.56625E-002	7.02098E-005	...........	-327.63
	89	22.5	1.57091E-002	1.57054E-002	7.08764E-005	...........	-327.63
	90	22.75	1.56996E-002	1.56370E-002	6.93431E-005	...........	-327.63
	91	23	1.56896E-002	1.56957E-002	7.28098E-005	...........	-327.63
	92	23.25	1.56801E-002	1.56429E-002	7.29431E-005	...........	-327.63
	93	23.5	1.56730E-002	1.56894E-002	7.04764E-005	...........	-327.63
	94	23.75	1.56691E-002	1.56456E-002	7.32097E-005	...........	-327.63
	95	24	1.56676E-002	1.56968E-002	7.67431E-005	...........	-327.63
	96	24.25	1.56679E-002	1.56509E-002	7.01431E-005	...........	-327.63
	97	24.5	1.56695E-002	1.57003E-002	7.31431E-005	...........	-327.63
	98	24.75	1.56719E-002	1.56570E-002	7.16097E-005	...........	-327.63
	99	25	1.56744E-002	1.57058E-002	7.70764E-005	...........	-327.63
	100	25.25	1.56772E-002	1.56684E-002	7.14098E-005	...........	-327.63
	101	25.5	1.56805E-002	1.57183E-002	6.88764E-005	...........	-327.63
	102	25.75	1.56848E-002	1.56806E-002	6.84097E-005	...........	-327.63
	103	26	1.56900E-002	1.57309E-002	7.22098E-005	...........	-327.63
	104	26.25	1.56958E-002	1.56889E-002	6.82098E-005	...........	-327.63
	105	26.5	1.57015E-002	1.57396E-002	7.86098E-005	...........	-327.63
	106	26.75	1.57068E-002	1.56944E-002	7.04764E-005	...........	-327.63
	107	27	1.57113E-002	1.57457E-002	7.33431E-005	...........	-327.63
	108	27.25	1.57150E-002	1.56976E-002	7.36097E-005	...........	-327.63
	109	27.5	1.57181E-002	1.57532E-002	7.62097E-005	...........	-327.63
	110	27.75	1.57208E-002	1.56994E-002	7.12764E-005	...........	-327.63
	111	28	1.57233E-002	1.57594E-002	7.84098E-005	...........	-327.63
	112	28.25	1.57256E-002	1.57025E-002	7.75431E-005	...........	-327.63
	113	28.5	1.57278E-002	1.57633E-002	7.66098E-005	...........	-327.63
	114	28.75	1.57300E-002	1.57159E-002	7.52098E-005	...........	-327.63
	115	29	1.57328E-002	1.57703E-002	7.37431E-005	...........	-327.63
	116	29.25	1.57363E-002	1.57183E-002	8.06764E-005	...........	-327.63
	117	29.5	1.57398E-002	1.57730E-002	7.28764E-005	...........	-327.63
	118	29.75	1.57426E-002	1.57171E-002	7.57431E-005	...........	-327.63
	119	30	1.57443E-002	1.57714E-002	7.72097E-005	...........	-327.63
	120	30.25	1.57448E-002	1.57123E-002	7.60098E-005	...........	-327.63
	121	30.5	1.57444E-002	1.57713E-002	7.90097E-005	...........	-327.63
	122	30.75	1.57434E-002	1.57101E-002	7.00764E-005	...........	-327.63
	123	31	1.57423E-002	1.57687E-002	7.46097E-005	...........	-327.63
	124	31.25	1.57412E-002	1.57072E-002	6.88764E-005	...........	-327.63
	125	31.5	1.57401E-002	1.57689E-002	7.19431E-005	...........	-327.63
	126	31.75	1.57390E-002	1.57028E-002	6.88764E-005	...........	-327.63
	127	32	1.57380E-002	1.57675E-002	7.38098E-005	...........	-327.63
	128	32.25	1.57368E-002	1.56984E-002	7.28098E-005	...........	-327.63
	129	32.5	1.57356E-002	1.57657E-002	7.08098E-005	...........	-327.63
	130	32.75	1.57342E-002	1.56981E-002	7.28764E-005	...........	-327.63
	131	33	1.57331E-002	1.57677E-002	7.48764E-005	...........	-327.63
	132	33.25	1.57325E-002	1.56965E-002	7.34764E-005	...........	-327.63
	133	33.5	1.57324E-002	1.57728E-002	7.18764E-005	...........	-327.63
	134	33.75	1.57328E-002	1.56997E-002	7.98764E-005	...........	-327.63
	135	34	1.57338E-002	1.57747E-002	7.47431E-005	...........	-327.63
	136	34.25	1.57350E-002	1.56986E-002	7.60764E-005	...........	-327.63
	137	34.5	1.57361E-002	1.57757E-002	7.78098E-005	...........	-327.63
	138	34.75	1.57368E-002	1.57054E-002	7.26097E-005	...........	-327.63
	139	35	1.57377E-002	1.57764E-002	7.14764E-005	...........	-327.63
	140	35.25	1.57388E-002	1.57054E-002	6.88764E-005	...........	-327.63
	141	35.5	1.57399E-002	1.57775E-002	7.60764E-005	...........	-327.63
	142	35.75	1.57407E-002	1.57060E-002	6.93431E-005	...........	-327.63
	143	36	1.57412E-002	1.57808E-002	7.78098E-005	...........	-327.63
	144	36.25	1.57418E-002	1.57067E-002	7.16097E-005	...........	-327.63
	145	36.5	1.57424E-002	1.57764E-002	7.36764E-005	...........	-327.63
	146	36.75	1.57427E-002	1.57069E-002	7.02764E-005	...........	-327.63
	147	37	1.57426E-002	1.57790E-002	6.75431E-005	...........	-327.63
	148	37.25	1.57424E-002	1.57078E-002	7.23431E-005	...........	-327.63
	149	37.5	1.57425E-002	1.57776E-002	7.19431E-005	...........	-327.63
	150	37.75	1.57428E-002	1.57137E-002	7.08098E-005	...........	-327.63
	151	38	1.57435E-002	1.57790E-002	7.53431E-005	...........	-327.63
	152	38.25	1.57445E-002	1.57178E-002	6.61431E-005	...........	-327.63
	153	38.5	1.57457E-002	1.57762E-002	6.91431E-005	...........	-327.63
	154	38.75	1.57468E-002	1.57224E-002	7.12764E-005	...........	-327.63
	155	39	1.57476E-002	1.57713E-002	7.81431E-005	...........	-327.63
	156	39.25	1.57479E-002	1.57245E-002	6.96097E-005	...........	-327.63
	157	39.5	1.57477E-002	1.57615E-002	7.52764E-005	...........	-327.63
	158	39.75	1.57467E-002	1.57178E-002	7.72097E-005	...........	-327.63
	159	40	1.57446E-002	1.57519E-002	7.04764E-005	...........	-327.63
	160	40.25	1.57417E-002	1.57211E-002	7.84764E-005	...........	-327.63
	161	40.5	1.57386E-002	1.57420E-002	7.26097E-005	...........	-327.63
	162	40.75	1.57362E-002	1.57258E-002	7.50764E-005	...........	-327.63
	163	41	1.57344E-002	1.57374E-002	7.41431E-005	...........	-327.63
	164	41.25	1.57333E-002	1.57298E-002	7.14764E-005	...........	-327.63
	165	41.5	1.57328E-002	1.57330E-002	7.46097E-005	...........	-327.63
	166	41.75	1.57325E-002	1.57325E-002	7.96098E-005	...........	-327.63
	167	42	1.57324E-002	1.57334E-002	7.71431E-005	...........	-327.63
	168	42.25	1.57327E-002	1.57462E-002	7.28764E-005	...........	-327.63
	169	42.5	1.57339E-002	1.57301E-002	7.62764E-005	...........	-327.63
	170	42.75	1.57359E-002	1.57511E-002	7.62764E-005	...........	-327.63
	171	43	1.57379E-002	1.57369E-002	7.27431E-005	...........	-327.63
	172	43.25	1.57402E-002	1.57687E-002	7.09431E-005	...........	-327.63
	173	43.5	1.57435E-002	1.57393E-002	7.50764E-005	...........	-327.63
	174	43.75	1.57478E-002	1.57801E-002	7.50764E-005	...........	-327.63
	175	44	1.57521E-002	1.57360E-002	7.28764E-005	...........	-327.63
	176	44.25	1.57556E-002	1.57861E-002	7.35431E-005	...........	-327.63
	177	44.5	1.57580E-002	1.57339E-002	7.78764E-005	...........	-327.63
	178	44.75	1.57594E-002	1.57875E-002	7.68764E-005	...........	-327.63
	179	45	1.57601E-002	1.57292E-002	7.91431E-005	...........	-327.63
	180	45.25	1.57601E-002	1.57897E-002	7.58764E-005	...........	-327.63
	181	45.5	1.57598E-002	1.57292E-002	7.41431E-005	...........	-327.63
	182	45.75	1.57595E-002	1.57935E-002	7.60764E-005	...........	-327.63
	183	46	1.57597E-002	1.57237E-002	8.10097E-005	...........	-327.63
	184	46.25	1.57598E-002	1.57940E-002	7.57431E-005	...........	-327.63
	185	46.5	1.57596E-002	1.57219E-002	7.85431E-005	...........	-327.63
	186	46.75	1.57591E-002	1.57956E-002	7.63431E-005	...........	-327.63
	187	47	1.57587E-002	1.57205E-002	7.88764E-005	...........	-327.63
	188	47.25	1.57585E-002	1.57987E-002	7.22764E-005	...........	-327.63
	189	47.5	1.57586E-002	1.57216E-002	7.94764E-005	...........	-327.63
	190	47.75	1.57589E-002	1.57941E-002	8.00097E-005	...........	-327.63
	191	48	1.57590E-002	1.57191E-002	7.48098E-005	...........	-327.63
	192	48.25	1.57584E-002	1.57878E-002	7.46097E-005	...........	-327.63
	193	48.5	1.57571E-002	1.57151E-002	7.36097E-005	...........	-327.63
	194	48.75	1.57551E-002	1.57826E-002	7.26764E-005	...........	-327.63
	195	49	1.57529E-002	1.57162E-002	7.38098E-005	...........	-327.63
	196	49.25	1.57511E-002	1.57846E-002	7.88098E-005	...........	-327.63
	197	49.5	1.57501E-002	1.57188E-002	7.44097E-005	...........	-327.63
	198	49.75	1.57500E-002	1.57791E-002	7.92764E-005	...........	-327.63
	199	50	1.57502E-002	1.57228E-002	7.78764E-005	...........	-327.63
	200	50.25	1.57502E-002	1.57722E-002	7.52098E-005	...........	-327.63
	201	50.5	1.57498E-002	1.57235E-002	7.62764E-005	...........	-327.63
	202	50.75	1.57491E-002	1.57757E-002	7.72764E-005	...........	-327.63
	203	51	1.57488E-002	1.57258E-002	7.16764E-005	...........	-327.63
	204	51.25	1.57490E-002	1.57712E-002	7.52098E-005	...........	-327.63
	205	51.5	1.57494E-002	1.57343E-002	7.84098E-005	...........	-327.63
	206	51.75	1.57500E-002	1.57680E-002	7.18097E-005	...........	-327.63
	207	52	1.57507E-002	1.57366E-002	7.75431E-005	...........	-327.63
	208	52.25	1.57514E-002	1.57728E-002	7.52764E-005	...........	-327.63
	209	52.5	1.57526E-002	1.57514E-002	7.41431E-005	...........	-327.63
	210	52.75	1.57547E-002	1.57715E-002	7.33431E-005	...........	-327.63
	211	53	1.57576E-002	1.57563E-002	7.46764E-005	...........	-327.63
	212	53.25	1.57603E-002	1.57697E-002	6.90764E-005	...........	-327.63
	213	53.5	1.57622E-002	1.57624E-002	6.96097E-005	...........	-327.63
	214	53.75	1.57635E-002	1.57672E-002	7.30764E-005	...........	-327.63
	215	54	1.57644E-002	1.57659E-002	7.69431E-005	...........	-327.63
	216	54.25	1.57652E-002	1.57653E-002	7.44097E-005	...........	-327.63
	217	54.5	1.57657E-002	1.57711E-002	7.75431E-005	...........	-327.63
	218	54.75	1.57663E-002	1.57646E-002	7.01431E-005	...........	-327.63
	219	55	1.57671E-002	1.57773E-002	6.99431E-005	...........	-327.63
	220	55.25	1.57680E-002	1.57610E-002	7.08098E-005	...........	-327.63
	221	55.5	1.57689E-002	1.57799E-002	7.01431E-005	...........	-327.63
	222	55.75	1.57695E-002	1.57546E-002	7.58097E-005	...........	-327.63
	223	56	1.57694E-002	1.57816E-002	7.60764E-005	...........	-327.63
	224	56.25	1.57688E-002	1.57482E-002	7.42097E-005	...........	-327.63
	225	56.5	1.57678E-002	1.57834E-002	7.77431E-005	...........	-327.63
	226	56.75	1.57666E-002	1.57408E-002	7.49431E-005	...........	-327.63
	227	57	1.57653E-002	1.57800E-002	7.64764E-005	...........	-327.63
	228	57.25	1.57636E-002	1.57366E-002	7.13431E-005	...........	-327.63
	229	57.5	1.57617E-002	1.57807E-002	7.53431E-005	...........	-327.63
	230	57.75	1.57598E-002	1.57195E-002	7.56764E-005	...........	-327.63
	231	58	1.57574E-002	1.57791E-002	7.74098E-005	...........	-327.63
	232	58.25	1.57545E-002	1.57214E-002	7.36097E-005	...........	-327.63
	233	58.5	1.57519E-002	1.57793E-002	7.16764E-005	...........	-327.63
	234	58.75	1.57505E-002	1.57185E-002	7.32764E-005	...........	-327.63
	235	59	1.57498E-002	1.57753E-002	7.58097E-005	...........	-327.63
	236	59.25	1.57490E-002	1.57145E-002	7.49431E-005	...........	-327.63
	237	59.5	1.57478E-002	1.57756E-002	7.64097E-005	...........	-327.63
	238	59.75	1.57464E-002	1.57064E-002	7.00098E-005	...........	-327.63
	239	60	1.57449E-002	1.57796E-002	7.59431E-005	...........	-327.63
	240	60.25	1.57437E-002	1.57087E-002	7.75431E-005	...........	-327.63
	241	60.5	1.57429E-002	1.57690E-002	7.21431E-005	...........	-327.63
	242	60.75	1.57418E-002	1.56867E-002	7.47431E-005	...........	-327.63
	243	61	1.57386E-002	1.57481E-002	7.40764E-005	...........	-327.63
	244	61.25	1.57322E-002	1.56638E-002	6.95431E-005	...........	-327.63
	245	61.5	1.57233E-002	1.57313E-002	7.83431E-005	...........	-327.63
	246	61.75	1.57133E-002	1.56430E-002	7.43431E-005	...........	-327.63
	247	62	1.57034E-002	1.57313E-002	7.64764E-005	...........	-327.63
	248	62.25	1.56956E-002	1.56569E-002	6.96764E-005	...........	-327.63
	249	62.5	1.56916E-002	1.57367E-002	7.05431E-005	...........	-327.63
	250	62.75	1.56917E-002	1.56663E-002	7.24097E-005	...........	-327.63
	251	63	1.56945E-002	1.57459E-002	7.14098E-005	...........	-327.63
	252	63.25	1.56987E-002	1.56770E-002	7.08764E-005	...........	-327.63
	253	63.5	1.57035E-002	1.57573E-002	7.56764E-005	...........	-327.63
	254	63.75	1.57086E-002	1.56900E-002	7.18097E-005	...........	-327.63
	255	64	1.57141E-002	1.57650E-002	7.43431E-005	...........	-327.63
	256	64.25	1.57195E-002	1.57001E-002	7.64097E-005	...........	-327.63
	257	64.5	1.57247E-002	1.57720E-002	7.73431E-005	...........	-327.63
	258	64.75	1.57294E-002	1.57015E-002	7.51431E-005	...........	-327.63
	259	65	1.57331E-002	1.57760E-002	7.57431E-005	...........	-327.63
	260	65.25	1.57358E-002	1.57061E-002	6.99431E-005	...........	-327.63
	261	65.5	1.57379E-002	1.57770E-002	6.76097E-005	...........	-327.63
	262	65.75	1.57396E-002	1.57103E-002	6.88764E-005	...........	-327.63
	263	66	1.57412E-002	1.57818E-002	7.44097E-005	...........	-327.63
	264	66.25	1.57428E-002	1.57119E-002	6.90764E-005	...........	-327.63
	265	66.5	1.57444E-002	1.57797E-002	7.29431E-005	...........	-327.63
	266	66.75	1.57457E-002	1.57217E-002	7.20098E-005	...........	-327.63
	267	67	1.57471E-002	1.57860E-002	7.46097E-005	...........	-327.63
	268	67.25	1.57491E-002	1.57287E-002	7.02098E-005	...........	-327.63
	269	67.5	1.57519E-002	1.57897E-002	7.65431E-005	...........	-327.63
	270	67.75	1.57548E-002	1.57291E-002	7.18764E-005	...........	-327.63
	271	68	1.57572E-002	1.57914E-002	6.96764E-005	...........	-327.63
	272	68.25	1.57590E-002	1.57354E-002	6.92764E-005	...........	-327.63
	273	68.5	1.57604E-002	1.57924E-002	7.03431E-005	...........	-327.63
	274	68.75	1.57618E-002	1.57394E-002	6.86098E-005	...........	-327.63
	275	69	1.57633E-002	1.57915E-002	6.78097E-005	...........	-327.63
	276	69.25	1.57645E-002	1.57392E-002	7.10098E-005	...........	-327.63
	277	69.5	1.57651E-002	1.57882E-002	7.14764E-005	...........	-327.63
	278	69.75	1.57652E-002	1.57454E-002	7.43431E-005	...........	-327.63
	279	70	1.57653E-002	1.57908E-002	7.30764E-005	...........	-327.63
	280	70.25	1.57659E-002	1.57416E-002	7.36097E-005	...........	-327.63
	281	70.5	1.57664E-002	1.57866E-002	7.24764E-005	...........	-327.63
	282	70.75	1.57663E-002	1.57454E-002	7.61431E-005	...........	-327.63
	283	71	1.57658E-002	1.57837E-002	7.47431E-005	...........	-327.63
	284	71.25	1.57653E-002	1.57388E-002	7.76098E-005	...........	-327.63
	285	71.5	1.57642E-002	1.57749E-002	7.18764E-005	...........	-327.63
	286	71.75	1.57623E-002	1.57375E-002	7.75431E-005	...........	-327.63
	287	72	1.57597E-002	1.57647E-002	7.67431E-005	...........	-327.63
	288	72.25	1.57567E-002	1.57290E-002	7.29431E-005	...........	-327.63
	289	72.5	1.57532E-002	1.57530E-002	7.88098E-005	...........	-327.63
	290	72.75	1.57489E-002	1.57174E-002	7.58097E-005	...........	-327.63
	291	73	1.57442E-002	1.57503E-002	7.71431E-005	...........	-327.63
	292	73.25	1.57397E-002	1.57182E-002	7.28098E-005	...........	-327.63
	293	73.5	1.57363E-002	1.57471E-002	7.63431E-005	...........	-327.63
	294	73.75	1.57344E-002	1.57213E-002	7.13431E-005	...........	-327.63
	295	74	1.57337E-002	1.57474E-002	7.18097E-005	...........	-327.63
	296	74.25	1.57338E-002	1.57289E-002	6.99431E-005	...........	-327.63
	297	74.5	1.57347E-002	1.57509E-002	7.10098E-005	...........	-327.63
	298	74.75	1.57364E-002	1.57328E-002	7.25431E-005	...........	-327.63
	299	75	1.57384E-002	1.57534E-002	7.26764E-005	...........	-327.63
	300	75.25	1.57405E-002	1.57380E-002	7.38764E-005	...........	-327.63
	301	75.5	1.57422E-002	1.57466E-002	7.03431E-005	...........	-327.63
	302	75.75	1.57435E-002	1.57494E-002	7.44764E-005	...........	-327.63
	303	76	1.57449E-002	1.57662E-002	7.00764E-005	...........	-327.63
	304	76.25	1.57479E-002	1.57585E-002	7.76098E-005	...........	-327.63
	305	76.5	1.57526E-002	1.57706E-002	6.92098E-005	...........	-327.63
	306	76.75	1.57578E-002	1.57638E-002	6.83431E-005	...........	-327.63
	307	77	1.57621E-002	1.57739E-002	7.46097E-005	...........	-327.63
	308	77.25	1.57654E-002	1.57697E-002	7.41431E-005	...........	-327.63
	309	77.5	1.57679E-002	1.57741E-002	7.24764E-005	...........	-327.63
	310	77.75	1.57699E-002	1.57734E-002	7.36097E-005	...........	-327.63
	311	78	1.57716E-002	1.57780E-002	7.08764E-005	...........	-327.63
	312	78.25	1.57730E-002	1.57746E-002	7.16097E-005	...........	-327.63
	313	78.5	1.57744E-002	1.57761E-002	7.03431E-005	...........	-327.63
	314	78.75	1.57753E-002	1.57755E-002	7.68764E-005	...........	-327.63
	315	79	1.57757E-002	1.57732E-002	7.28098E-005	...........	-327.63
	316	79.25	1.57756E-002	1.57776E-002	7.18097E-005	...........	-327.63
	317	79.5	1.57754E-002	1.57737E-002	7.32764E-005	...........	-327.63
	318	79.75	1.57753E-002	1.57801E-002	7.18764E-005	...........	-327.63
	319	80	1.57757E-002	1.57767E-002	7.13431E-005	...........	-327.63
	320	80.25	1.57764E-002	1.57786E-002	7.36764E-005	...........	-327.63
	321	80.5	1.57770E-002	1.57733E-002	7.62097E-005	...........	-327.63
	322	80.75	1.57772E-002	1.57802E-002	7.30764E-005	...........	-327.63
	323	81	1.57769E-002	1.57640E-002	6.31431E-005	...........	-327.63
	324	81.25	1.57758E-002	1.57771E-002	7.13431E-005	...........	-327.63
	325	81.5	1.57743E-002	1.57698E-002	7.05431E-005	...........	-327.63
	326	81.75	1.57731E-002	1.57809E-002	7.25431E-005	...........	-327.63
	327	82	1.57730E-002	1.57686E-002	6.70764E-005	...........	-327.63
	328	82.25	1.57736E-002	1.57805E-002	7.10098E-005	...........	-327.63
	329	82.5	1.57742E-002	1.57658E-002	7.06097E-005	...........	-327.63
	330	82.75	1.57744E-002	1.57840E-002	7.13431E-005	...........	-327.63
	331	83	1.57744E-002	1.57700E-002	7.00098E-005	...........	-327.63
	332	83.25	1.57748E-002	1.57821E-002	7.45431E-005	...........	-327.63
	333	83.5	1.57753E-002	1.57668E-002	7.24764E-005	...........	-327.63
	334	83.75	1.57756E-002	1.57816E-002	7.65431E-005	...........	-327.63
	335	84	1.57753E-002	1.57671E-002	6.83431E-005	...........	-327.63
	336	84.25	1.57748E-002	1.57805E-002	6.90097E-005	...........	-327.63
	337	84.5	1.57743E-002	1.57622E-002	7.27431E-005	...........	-327.63
	338	84.75	1.57736E-002	1.57797E-002	7.20098E-005	...........	-327.63
	339	85	1.57726E-002	1.57601E-002	6.58764E-005	...........	-327.63
	340	85.25	1.57716E-002	1.57783E-002	6.75431E-005	...........	-327.63
	341	85.5	1.57706E-002	1.57585E-002	7.43431E-005	...........	-327.63
	342	85.75	1.57697E-002	1.57785E-002	7.22764E-005	...........	-327.63
	343	86	1.57690E-002	1.57582E-002	7.02098E-005	...........	-327.63
	344	86.25	1.57686E-002	1.57772E-002	6.80764E-005	...........	-327.63
	345	86.5	1.57683E-002	1.57565E-002	6.95431E-005	...........	-327.63
	346	86.75	1.57678E-002	1.57742E-002	6.91431E-005	...........	-327.63
	347	87	1.57671E-002	1.57517E-002	7.15431E-005	...........	-327.63
	348	87.25	1.57660E-002	1.57770E-002	7.03431E-005	...........	-327.63
	349	87.5	1.57650E-002	1.57555E-002	6.82098E-005	...........	-327.63
	350	87.75	1.57648E-002	1.57800E-002	7.06764E-005	...........	-327.63
	351	88	1.57654E-002	1.57579E-002	7.51431E-005	...........	-327.63
	352	88.25	1.57667E-002	1.57823E-002	7.40764E-005	...........	-327.63
	353	88.5	1.57680E-002	1.57590E-002	7.55431E-005	...........	-327.63
	354	88.75	1.57692E-002	1.57849E-002	7.75431E-005	...........	-327.63
	355	89	1.57702E-002	1.57582E-002	7.06764E-005	...........	-327.63
	356	89.25	1.57709E-002	1.57805E-002	7.45431E-005	...........	-327.63
	357	89.5	1.57710E-002	1.57569E-002	7.34097E-005	...........	-327.63
	358	89.75	1.57703E-002	1.57769E-002	6.89431E-005	...........	-327.63
	359	90	1.57692E-002	1.57529E-002	7.52764E-005	...........	-327.63
	360	90.25	1.57678E-002	1.57767E-002	7.86098E-005	...........	-327.63
	361	90.5	1.57665E-002	1.57555E-002	7.20098E-005	...........	-327.63
	362	90.75	1.57658E-002	1.57789E-002	7.71431E-005	...........	-327.63
	363	91	1.57658E-002	1.57550E-002	7.71431E-005	...........	-327.63
	364	91.25	1.57662E-002	1.57802E-002	7.38764E-005	...........	-327.63
	365	91.5	1.57667E-002	1.57516E-002	7.68098E-005	...........	-327.63
	366	91.75	1.57667E-002	1.57742E-002	7.58764E-005	...........	-327.63
	367	92	1.57660E-002	1.57475E-002	7.40098E-005	...........	-327.63
	368	92.25	1.57644E-002	1.57718E-002	7.46764E-005	...........	-327.63
	369	92.5	1.57626E-002	1.57474E-002	7.46097E-005	...........	-327.63
	370	92.75	1.57610E-002	1.57704E-002	7.45431E-005	...........	-327.63
	371	93	1.57599E-002	1.57476E-002	7.80764E-005	...........	-327.63
	372	93.25	1.57594E-002	1.57706E-002	7.16097E-005	...........	-327.63
	373	93.5	1.57590E-002	1.57445E-002	7.30098E-005	...........	-327.63
	374	93.75	1.57587E-002	1.57705E-002	6.94098E-005	...........	-327.63
	375	94	1.57584E-002	1.57494E-002	7.30764E-005	...........	-327.63
	376	94.25	1.57585E-002	1.57775E-002	7.27431E-005	...........	-327.63
	377	94.5	1.57596E-002	1.57521E-002	7.08098E-005	...........	-327.63
	378	94.75	1.57613E-002	1.57792E-002	6.80097E-005	...........	-327.63
	379	95	1.57633E-002	1.57547E-002	7.19431E-005	...........	-327.63
	380	95.25	1.57650E-002	1.57850E-002	7.13431E-005	...........	-327.63
	381	95.5	1.57667E-002	1.57597E-002	6.85431E-005	...........	-327.63
	382	95.75	1.57686E-002	1.57896E-002	7.24097E-005	...........	-327.63
	383	96	1.57708E-002	1.57599E-002	6.83431E-005	...........	-327.63
	384	96.25	1.57727E-002	1.57899E-002	6.94098E-005	...........	-327.63
	385	96.5	1.57741E-002	1.57623E-002	6.69431E-005	...........	-327.63
	386	96.75	1.57751E-002	1.57966E-002	6.90097E-005	...........	-327.63
	387	97	1.57762E-002	1.57640E-002	7.50097E-005	...........	-327.63
	388	97.25	1.57776E-002	1.57959E-002	7.19431E-005	...........	-327.63
	389	97.5	1.57789E-002	1.57613E-002	7.08098E-005	...........	-327.63
	390	97.75	1.57794E-002	1.57968E-002	7.21431E-005	...........	-327.63
	391	98	1.57795E-002	1.57631E-002	7.34097E-005	...........	-327.63
	392	98.25	1.57793E-002	1.57914E-002	7.38764E-005	...........	-327.63
	393	98.5	1.57788E-002	1.57520E-002	6.63431E-005	...........	-327.63
	394	98.75	1.57772E-002	1.57860E-002	7.16097E-005	...........	-327.63
	395	99	1.57745E-002	1.57455E-002	6.88097E-005	...........	-327.63
	396	99.25	1.57713E-002	1.57842E-002	6.52764E-005	...........	-327.63
	397	99.5	1.57682E-002	1.57383E-002	6.84097E-005	...........	-327.63
	398	99.75	1.57655E-002	1.57820E-002	6.92098E-005	...........	-327.63
	399	100	1.57633E-002	1.57387E-002	6.74764E-005	...........	-327.63
EOC	QUANT	0.0157633	Open Circuit (V)
PSTATMODEL	IQUANT	5	Pstat Model
PSTATSECTION	LABEL	REF3000-20110	Pstat Section
PSTATSERIALNO	LABEL	20110	Pstat Serial Number
CTRLMODE	IQUANT	0	Control Mode
ELECTROMETER	IQUANT	0	RE=0 or CS=1
IESTAB	IQUANT	0	I/E Stability
CASPEED	IQUANT	4	Control Amp Speed
CONVENTION	IQUANT	1	Current Convention
ICHRANGE	IQUANT	2	Ich Range
ICHRANGEMODE	TOGGLE	F	Ich Auto Range
ICHOFFSETENABLE	TOGGLE	T	Ich Offset Enable
ICHOFFSET	QUANT	0	Ich Offset (V)
ICHFILTER	IQUANT	3	Ich Filter
VCHRANGE	IQUANT	2	Vch Range
VCHRANGEMODE	TOGGLE	F	Vch Auto Range
VCHOFFSETENABLE	TOGGLE	T	Vch Offset Enable
VCHOFFSET	QUANT	0	Vch Offset (V)
VCHFILTER	IQUANT	3	Vch Filter
ACHRANGE	IQUANT	2	Ach Range
ACHOFFSETENABLE	TOGGLE	F	Ach Offset Enable
ACHOFFSET	QUANT	0	Ach Offset (V)
ACHFILTER	IQUANT	1	Ach Filter
IERANGELOWERLIMIT	IQUANT	2	I/E Range Lower Limit
IERANGEMODE	TOGGLE	F	I/E AutoRange
IERANGE	IQUANT	11	I/E Range
POSFEEDENABLE	TOGGLE	F	Positive Feedback IR Comp
POSFEEDRESISTANCE	QUANT	0	Positive Feedback Resistance (ohm)
ACHSELECT	IQUANT	4	Ach Select
SENSECABLEID	IQUANT	14	Sense Cable ID
PWRCABLEID	IQUANT	7	Power Cable ID
DCCALDATE	LABEL	8/9/2022	DC Calibration Date
ACCALDATE	LABEL	8/9/2022	AC Calibration Date
THERMOSELECT	IQUANT	1	Thermo Select
FRAMEWORKVERSION	LABEL	7.9.0	Framework Version
INSTRUMENTVERSION	LABEL	4.60	Instrument Version
COMPLIANCEVOLTAGE	IQUANT	0	Compliance Voltage
ZCURVE	TABLE
	Pt	Time	Freq	Zreal	Zimag	Zsig	Zmod	Zphz	Idc	Vdc	IERange
	#	s	Hz	ohm	ohm	V	ohm	°	A	V	#
	0	5	100078.1	2.876642	-1.675173	1	3.328854	-30.21379	-2.56124E-006	0.0060522	9
	1	7	79453.13	2.876808	-1.29829	1	3.156197	-24.28943	-2.228369E-006	0.0067652	9
	2	9	63140.62	2.903119	-1.08067	1	3.097733	-20.4175	-2.364822E-006	0.0085246	9
	3	10	50203.12	2.904608	-0.8809662	1	3.035267	-16.87253	-2.119826E-006	0.0234604	9
	4	12	39890.62	2.890676	-0.7544476	1	2.987507	-14.62752	-2.724343E-006	0.0061616	9
	5	13	31640.63	2.917104	-0.6338954	1	2.985183	-12.25994	-2.114415E-006	0.0242847	9
	6	15	25171.88	2.909586	-0.5763198	1	2.966114	-11.20391	-2.953312E-006	0.0075098	9
	7	17	20015.62	2.919425	-0.5357932	1	2.968184	-10.39959	-2.638913E-006	0.0084238	9
	8	18	15890.62	2.916965	-0.5282154	1	2.964404	-10.26412	-2.768821E-006	0.0060509	9
	9	20	12609.38	2.939042	-0.4900241	1	2.979613	-9.465808	-2.095294E-006	0.0187856	9
	10	21	10078.13	2.948709	-0.5636302	1	3.002093	-10.82126	-2.101332E-006	0.0187439	9
	11	23	8015.625	2.957714	-0.6276079	1	3.023568	-11.9801	-1.937406E-006	0.0218536	9
	12	25	6328.125	2.987012	-0.7050797	1	3.0691	-13.28147	-2.982042E-006	0.0073936	9
	13	26	5015.625	2.999056	-0.88709	1	3.127502	-16.47767	-1.935045E-006	0.0248262	9
	14	28	3984.375	3.013635	-1.044925	1	3.18965	-19.1231	-2.60008E-006	0.0063726	9
	15	30	3170.956	3.054363	-1.258097	1	3.303323	-22.38684	-2.978951E-006	0.0059203	9
	16	31	2527.573	3.071951	-1.525764	1	3.429991	-26.41249	-2.974254E-006	0.0168557	9
	17	33	1976.103	3.152094	-1.91864	1	3.690105	-31.32836	-2.934472E-006	0.0092232	9
	18	35	1577.524	3.244884	-2.350307	1	4.006646	-35.91625	-3.151855E-006	0.0167346	9
	19	36	1265.625	3.348994	-2.847423	1	4.395859	-40.37226	-2.730249E-006	0.0091932	9
	20	38	998.264	3.496205	-3.47815	1	4.93163	-44.85168	-2.819605E-006	0.0125727	9
	21	39	796.875	3.668884	-4.261078	1	5.622944	-49.27081	-3.145234E-006	0.0067179	9
	22	41	627.7902	3.988859	-5.323949	1	6.652476	-53.15837	-3.000397E-006	0.0202489	9
	23	42	505.5147	4.31298	-6.405623	1	7.722293	-56.04716	-2.481111E-006	0.0138619	9
	24	44	397.9953	4.850484	-7.837008	1	9.21661	-58.24579	-2.540279E-006	0.0137223	9
	25	45	315.5048	5.589864	-9.5202	1	11.03996	-59.58031	-2.500708E-006	0.0130512	9
	26	46	252.4038	6.56895	-11.32857	1	13.09533	-59.89241	-2.546258E-006	0.0127661	9
	27	48	198.6229	8.005432	-13.57911	1	15.76323	-59.47895	-2.484815E-006	0.011672	9
	28	49	158.3615	9.81791	-15.84507	1	18.64021	-58.21685	-2.458541E-006	0.0104231	9
	29	51	125.558	12.1488	-18.28745	1	21.95505	-56.40294	-2.468082E-006	0.0088617	9
	30	52	100.4464	14.85362	-20.58408	1	25.38375	-54.18551	-2.542285E-006	0.0071386	9
	31	54	79.00281	18.2163	-23.04984	1	29.37905	-51.68067	-2.426651E-006	0.0049234	9
	32	56	63.3446	21.71432	-25.25411	1	33.30588	-49.30997	-2.490181E-006	0.0017515	9
	33	57	50.22321	25.67678	-26.87067	1	37.16624	-46.30154	-2.391776E-006	-0.0016404	9
	34	59	38.42213	30.4763	-27.65429	1	41.15294	-42.2207	-2.518883E-006	-0.0045808	9
	35	61	31.25	33.66604	-26.80847	1	43.03599	-38.53052	-2.589038E-006	-0.004405	9
	36	62	24.93351	36.2038	-24.22876	1	43.56315	-33.79173	-2.520645E-006	-0.0035162	9
	37	64	19.86229	38.35597	-22.36755	1	44.40144	-30.2489	-2.609533E-006	-0.0025735	9
	38	65	15.625	39.40624	-18.03073	1	43.33542	-24.58695	-2.387966E-006	-0.001964	9
	39	67	12.40079	40.02016	-16.07479	1	43.12786	-21.88372	-2.334628E-006	-0.0011364	9
	40	68	9.93114	40.20208	-13.47521	1	42.40034	-18.53048	-2.569244E-006	-0.000965	9
	41	70	7.944915	40.53107	-12.97846	1	42.55829	-17.75558	-2.637147E-006	0.0006595	9
	42	72	6.317385	40.68367	-10.83564	1	42.10193	-14.91387	-3.05853E-006	0.0005777	9
	43	74	5.008013	40.46124	-9.58263	1	41.58051	-13.32413	-2.808119E-006	0.0011199	9
	44	76	3.945707	39.82342	-7.820559	1	40.58406	-11.11041	-2.478605E-006	0.0011367	9
	45	79	3.158693	39.72722	-7.752311	1	40.47654	-11.04185	-3.04983E-006	0.0019866	9
	46	83	2.504006	39.21815	-6.270105	1	39.71621	-9.083442	-2.247632E-006	0.0020991	9
	47	87	1.998082	38.51278	-5.472502	1	38.89965	-8.087345	-2.90263E-006	0.0017547	9
	48	91	1.584686	38.05356	-5.41784	1	38.43731	-8.102975	-4.368228E-006	0.0030419	9
	49	97	1.266892	39.48853	-8.57276	1	40.40836	-12.24856	-4.063647E-006	0.0016373	9
	50	103	0.999041	32.79162	-4.551741	1	33.10603	-7.902618	-1.534578E-006	0.0061444	9
