EXPLAIN
TAG	GALVEIS
TITLE	LABEL	Galvanostatic EIS	Test &Identifier
DATE	LABEL	12-12-2022	Date
TIME	LABEL	10:33:45	Time
NOTES	NOTES	1	&Notes...
	
PSTAT	PSTAT	REF3000-20110	Potentiostat
IDCREQ	QUANT	0.00000E+000	DC &Current (A)
FREQINIT	QUANT	1.00000E+005	Initial Fre&q. (Hz)
FREQFINAL	QUANT	1.00000E+000	Final Fre&q. (Hz)
PTSPERDEC	QUANT	1.00000E+001	Points/&decade
IACREQ	QUANT	1.00000E-003	AC &Current (A rms)
AREA	QUANT	1.00000E+000	&Area (cm^2)
CONDIT	TWOPARAM	F	1.50000E+001	0.00000E+000	Conditionin&g	Time(s)	E(V)
DELAY	TWOPARAM	T	1.00000E+002	0.00000E+000	Init. De&lay	Time(s)	Stab.(mV/s)
SPEED	SELECTOR	1	&Optimize for:
THD	SELECTOR	0	T&HD
DRIFTCOR	SELECTOR	0	&Drift Correction
ZGUESS	QUANT	1.00000E+002	E&stimated Z (ohms)
OCVCURVE	TABLE	400
	Pt	T	Vf	Vm	Ach	Over	Temp
	#	s	V vs. Ref.	V	V	bits	deg C
	0	0.25	-1.74825E-002	-1.74825E-002	3.13476E-004	...........	-327.63
	1	0.5	-1.74820E-002	-1.74527E-002	2.39076E-004	...........	-327.63
	2	0.75	-1.74784E-002	-1.74235E-002	3.14210E-004	...........	-327.63
	3	1	-1.74680E-002	-1.73740E-002	2.43743E-004	...........	-327.63
	4	1.25	-1.74479E-002	-1.73503E-002	3.16210E-004	...........	-327.63
	5	1.5	-1.74179E-002	-1.72487E-002	2.42676E-004	...........	-327.63
	6	1.75	-1.73778E-002	-1.71976E-002	3.12010E-004	...........	-327.63
	7	2	-1.73258E-002	-1.70941E-002	2.40676E-004	...........	-327.63
	8	2.25	-1.72622E-002	-1.70377E-002	3.12610E-004	...........	-327.63
	9	2.5	-1.71893E-002	-1.69074E-002	2.36343E-004	...........	-327.63
	10	2.75	-1.71081E-002	-1.67952E-002	3.15343E-004	...........	-327.63
	11	3	-1.70159E-002	-1.66307E-002	2.37210E-004	...........	-327.63
	12	3.25	-1.69094E-002	-1.65450E-002	3.09343E-004	...........	-327.63
	13	3.5	-1.67903E-002	-1.63868E-002	2.41010E-004	...........	-327.63
	14	3.75	-1.66657E-002	-1.63307E-002	3.07410E-004	...........	-327.63
	15	4	-1.65436E-002	-1.62123E-002	2.42543E-004	...........	-327.63
	16	4.25	-1.64306E-002	-1.61621E-002	3.10476E-004	...........	-327.63
	17	4.5	-1.63270E-002	-1.59337E-002	2.44676E-004	...........	-327.63
	18	4.75	-1.62222E-002	-1.57861E-002	3.13343E-004	...........	-327.63
	19	5	-1.61000E-002	-1.55703E-002	2.42543E-004	...........	-327.63
	20	5.25	-1.59560E-002	-1.56204E-002	3.13876E-004	...........	-327.63
	21	5.5	-1.58096E-002	-1.55363E-002	2.35076E-004	...........	-327.63
	22	5.75	-1.56888E-002	-1.54792E-002	3.10943E-004	...........	-327.63
	23	6	-1.55965E-002	-1.51332E-002	2.42810E-004	...........	-327.63
	24	6.25	-1.55010E-002	-1.49610E-002	3.09343E-004	...........	-327.63
	25	6.5	-1.53668E-002	-1.47787E-002	2.37276E-004	...........	-327.63
	26	6.75	-1.51926E-002	-1.46869E-002	3.10943E-004	...........	-327.63
	27	7	-1.50057E-002	-1.44599E-002	2.37610E-004	...........	-327.63
	28	7.25	-1.48278E-002	-1.43579E-002	3.11876E-004	...........	-327.63
	29	7.5	-1.46627E-002	-1.42035E-002	2.44276E-004	...........	-327.63
	30	7.75	-1.45100E-002	-1.41968E-002	3.14610E-004	...........	-327.63
	31	8	-1.43760E-002	-1.40914E-002	2.45876E-004	...........	-327.63
	32	8.25	-1.42693E-002	-1.41547E-002	3.17410E-004	...........	-327.63
	33	8.5	-1.41948E-002	-1.41191E-002	2.38676E-004	...........	-327.63
	34	8.75	-1.41518E-002	-1.41320E-002	3.14676E-004	...........	-327.63
	35	9	-1.41316E-002	-1.40545E-002	2.39143E-004	...........	-327.63
	36	9.25	-1.41190E-002	-1.40703E-002	3.13676E-004	...........	-327.63
	37	9.5	-1.41024E-002	-1.39949E-002	2.35476E-004	...........	-327.63
	38	9.75	-1.40786E-002	-1.39927E-002	3.12810E-004	...........	-327.63
	39	10	-1.40485E-002	-1.39063E-002	2.43343E-004	...........	-327.63
	40	10.25	-1.40143E-002	-1.39655E-002	3.20210E-004	...........	-327.63
	41	10.5	-1.39816E-002	-1.39285E-002	2.44676E-004	...........	-327.63
	42	10.75	-1.39578E-002	-1.39427E-002	3.15810E-004	...........	-327.63
	43	11	-1.39427E-002	-1.38177E-002	2.43810E-004	...........	-327.63
	44	11.25	-1.39259E-002	-1.38364E-002	3.15210E-004	...........	-327.63
	45	11.5	-1.38990E-002	-1.37945E-002	2.41210E-004	...........	-327.63
	46	11.75	-1.38665E-002	-1.38604E-002	3.18676E-004	...........	-327.63
	47	12	-1.38444E-002	-1.39786E-002	2.43143E-004	...........	-327.63
	48	12.25	-1.38510E-002	-1.41120E-002	3.17076E-004	...........	-327.63
	49	12.5	-1.38961E-002	-1.41014E-002	2.43210E-004	...........	-327.63
	50	12.75	-1.39683E-002	-1.41714E-002	3.15343E-004	...........	-327.63
	51	13	-1.40415E-002	-1.40799E-002	2.42943E-004	...........	-327.63
	52	13.25	-1.40914E-002	-1.40339E-002	3.18210E-004	...........	-327.63
	53	13.5	-1.41031E-002	-1.38843E-002	2.42810E-004	...........	-327.63
	54	13.75	-1.40745E-002	-1.39363E-002	3.10010E-004	...........	-327.63
	55	14	-1.40237E-002	-1.40493E-002	2.49743E-004	...........	-327.63
	56	14.25	-1.39883E-002	-1.42183E-002	3.08543E-004	...........	-327.63
	57	14.5	-1.39997E-002	-1.41557E-002	2.44943E-004	...........	-327.63
	58	14.75	-1.40527E-002	-1.41760E-002	3.16476E-004	...........	-327.63
	59	15	-1.41096E-002	-1.40097E-002	2.40410E-004	...........	-327.63
	60	15.25	-1.41341E-002	-1.40368E-002	3.24343E-004	...........	-327.63
	61	15.5	-1.41185E-002	-1.40267E-002	2.43276E-004	...........	-327.63
	62	15.75	-1.40844E-002	-1.41052E-002	3.08410E-004	...........	-327.63
	63	16	-1.40590E-002	-1.40192E-002	2.40676E-004	...........	-327.63
	64	16.25	-1.40480E-002	-1.39195E-002	3.13410E-004	...........	-327.63
	65	16.5	-1.40333E-002	-1.38793E-002	2.35876E-004	...........	-327.63
	66	16.75	-1.40016E-002	-1.39804E-002	3.12210E-004	...........	-327.63
	67	17	-1.39653E-002	-1.39497E-002	2.43076E-004	...........	-327.63
	68	17.25	-1.39452E-002	-1.39808E-002	3.22610E-004	...........	-327.63
	69	17.5	-1.39426E-002	-1.38299E-002	2.43476E-004	...........	-327.63
	70	17.75	-1.39386E-002	-1.38332E-002	3.11943E-004	...........	-327.63
	71	18	-1.39154E-002	-1.37261E-002	2.45676E-004	...........	-327.63
	72	18.25	-1.38725E-002	-1.37726E-002	3.16610E-004	...........	-327.63
	73	18.5	-1.38226E-002	-1.36728E-002	2.38876E-004	...........	-327.63
	74	18.75	-1.37771E-002	-1.36942E-002	3.12743E-004	...........	-327.63
	75	19	-1.37391E-002	-1.36428E-002	2.46343E-004	...........	-327.63
	76	19.25	-1.37085E-002	-1.37011E-002	3.18676E-004	...........	-327.63
	77	19.5	-1.36874E-002	-1.36665E-002	2.40543E-004	...........	-327.63
	78	19.75	-1.36789E-002	-1.37557E-002	3.19143E-004	...........	-327.63
	79	20	-1.36843E-002	-1.37633E-002	2.46943E-004	...........	-327.63
	80	20.25	-1.37044E-002	-1.38592E-002	3.22476E-004	...........	-327.63
	81	20.5	-1.37384E-002	-1.38774E-002	2.41476E-004	...........	-327.63
	82	20.75	-1.37832E-002	-1.39507E-002	3.10543E-004	...........	-327.63
	83	21	-1.38318E-002	-1.38982E-002	2.41143E-004	...........	-327.63
	84	21.25	-1.38746E-002	-1.39394E-002	3.14276E-004	...........	-327.63
	85	21.5	-1.39031E-002	-1.38858E-002	1.43410E-004	...........	-327.63
	86	21.75	-1.39156E-002	-1.39275E-002	8.94097E-005	...........	-327.63
	87	22	-1.39138E-002	-1.37317E-002	9.23431E-005	...........	-327.63
	88	22.25	-1.38936E-002	-1.37036E-002	8.99431E-005	...........	-327.63
	89	22.5	-1.38490E-002	-1.36601E-002	9.11431E-005	...........	-327.63
	90	22.75	-1.37887E-002	-1.37114E-002	8.64097E-005	...........	-327.63
	91	23	-1.37353E-002	-1.37058E-002	9.18764E-005	...........	-327.63
	92	23.25	-1.37062E-002	-1.37566E-002	8.82098E-005	...........	-327.63
	93	23.5	-1.37027E-002	-1.37439E-002	8.99431E-005	...........	-327.63
	94	23.75	-1.37149E-002	-1.37468E-002	8.49431E-005	...........	-327.63
	95	24	-1.37295E-002	-1.37101E-002	8.97431E-005	...........	-327.63
	96	24.25	-1.37355E-002	-1.36520E-002	8.58764E-005	...........	-327.63
	97	24.5	-1.37250E-002	-1.35688E-002	8.84764E-005	...........	-327.63
	98	24.75	-1.36942E-002	-1.35171E-002	8.66764E-005	...........	-327.63
	99	25	-1.36462E-002	-1.35055E-002	9.23431E-005	...........	-327.63
	100	25.25	-1.35930E-002	-1.35185E-002	9.27431E-005	...........	-327.63
	101	25.5	-1.35512E-002	-1.35868E-002	9.03431E-005	...........	-327.63
	102	25.75	-1.35346E-002	-1.36644E-002	9.24764E-005	...........	-327.63
	103	26	-1.35493E-002	-1.37199E-002	9.50764E-005	...........	-327.63
	104	26.25	-1.35898E-002	-1.37087E-002	9.74764E-005	...........	-327.63
	105	26.5	-1.36394E-002	-1.37137E-002	9.05431E-005	...........	-327.63
	106	26.75	-1.36789E-002	-1.36676E-002	8.92097E-005	...........	-327.63
	107	27	-1.36969E-002	-1.36273E-002	9.66097E-005	...........	-327.63
	108	27.25	-1.36909E-002	-1.35466E-002	9.13431E-005	...........	-327.63
	109	27.5	-1.36633E-002	-1.35377E-002	8.97431E-005	...........	-327.63
	110	27.75	-1.36217E-002	-1.34764E-002	9.13431E-005	...........	-327.63
	111	28	-1.35768E-002	-1.35200E-002	9.58098E-005	...........	-327.63
	112	28.25	-1.35395E-002	-1.35031E-002	9.44764E-005	...........	-327.63
	113	28.5	-1.35180E-002	-1.35866E-002	8.71431E-005	...........	-327.63
	114	28.75	-1.35156E-002	-1.35508E-002	8.60097E-005	...........	-327.63
	115	29	-1.35281E-002	-1.35779E-002	9.16097E-005	...........	-327.63
	116	29.25	-1.35443E-002	-1.35128E-002	9.15431E-005	...........	-327.63
	117	29.5	-1.35531E-002	-1.35436E-002	9.14764E-005	...........	-327.63
	118	29.75	-1.35499E-002	-1.34543E-002	8.38764E-005	...........	-327.63
	119	30	-1.35356E-002	-1.34796E-002	9.42764E-005	...........	-327.63
	120	30.25	-1.35135E-002	-1.34192E-002	8.96764E-005	...........	-327.63
	121	30.5	-1.34888E-002	-1.34706E-002	8.84764E-005	...........	-327.63
	122	30.75	-1.34688E-002	-1.34810E-002	8.82764E-005	...........	-327.63
	123	31	-1.34615E-002	-1.35642E-002	8.80764E-005	...........	-327.63
	124	31.25	-1.34709E-002	-1.34891E-002	9.22764E-005	...........	-327.63
	125	31.5	-1.34900E-002	-1.35132E-002	8.46764E-005	...........	-327.63
	126	31.75	-1.35038E-002	-1.34252E-002	8.46764E-005	...........	-327.63
	127	32	-1.35020E-002	-1.34512E-002	8.80098E-005	...........	-327.63
	128	32.25	-1.34855E-002	-1.34044E-002	9.16764E-005	...........	-327.63
	129	32.5	-1.34633E-002	-1.34695E-002	8.51431E-005	...........	-327.63
	130	32.75	-1.34459E-002	-1.34110E-002	9.46764E-005	...........	-327.63
	131	33	-1.34370E-002	-1.34351E-002	8.96098E-005	...........	-327.63
	132	33.25	-1.34328E-002	-1.33957E-002	9.30764E-005	...........	-327.63
	133	33.5	-1.34289E-002	-1.34759E-002	8.94764E-005	...........	-327.63
	134	33.75	-1.34278E-002	-1.34468E-002	9.23431E-005	...........	-327.63
	135	34	-1.34337E-002	-1.34984E-002	9.53431E-005	...........	-327.63
	136	34.25	-1.34463E-002	-1.34672E-002	9.78764E-005	...........	-327.63
	137	34.5	-1.34623E-002	-1.35718E-002	9.31431E-005	...........	-327.63
	138	34.75	-1.34824E-002	-1.35996E-002	9.76764E-005	...........	-327.63
	139	35	-1.35134E-002	-1.37332E-002	9.46097E-005	...........	-327.63
	140	35.25	-1.35601E-002	-1.37106E-002	9.83431E-005	...........	-327.63
	141	35.5	-1.36176E-002	-1.37721E-002	9.13431E-005	...........	-327.63
	142	35.75	-1.36723E-002	-1.37046E-002	9.16097E-005	...........	-327.63
	143	36	-1.37106E-002	-1.37201E-002	9.65431E-005	...........	-327.63
	144	36.25	-1.37246E-002	-1.35772E-002	9.10764E-005	...........	-327.63
	145	36.5	-1.37111E-002	-1.35490E-002	9.44098E-005	...........	-327.63
	146	36.75	-1.36712E-002	-1.34685E-002	8.74764E-005	...........	-327.63
	147	37	-1.36146E-002	-1.34924E-002	9.36097E-005	...........	-327.63
	148	37.25	-1.35572E-002	-1.34412E-002	8.82098E-005	...........	-327.63
	149	37.5	-1.35111E-002	-1.34446E-002	8.54764E-005	...........	-327.63
	150	37.75	-1.34774E-002	-1.33524E-002	9.04764E-005	...........	-327.63
	151	38	-1.34494E-002	-1.34068E-002	9.39431E-005	...........	-327.63
	152	38.25	-1.34240E-002	-1.34087E-002	8.82098E-005	...........	-327.63
	153	38.5	-1.34087E-002	-1.35300E-002	9.32098E-005	...........	-327.63
	154	38.75	-1.34163E-002	-1.36074E-002	8.89431E-005	...........	-327.63
	155	39	-1.34549E-002	-1.37359E-002	9.90764E-005	...........	-327.63
	156	39.25	-1.35222E-002	-1.37602E-002	9.29431E-005	...........	-327.63
	157	39.5	-1.36053E-002	-1.38393E-002	9.03431E-005	...........	-327.63
	158	39.75	-1.36880E-002	-1.38777E-002	9.02764E-005	...........	-327.63
	159	40	-1.37614E-002	-1.39718E-002	1.02676E-004	...........	-327.63
	160	40.25	-1.38269E-002	-1.40004E-002	8.68764E-005	...........	-327.63
	161	40.5	-1.38882E-002	-1.40514E-002	8.33431E-005	...........	-327.63
	162	40.75	-1.39436E-002	-1.39888E-002	9.26098E-005	...........	-327.63
	163	41	-1.39845E-002	-1.39774E-002	9.32764E-005	...........	-327.63
	164	41.25	-1.40020E-002	-1.39341E-002	8.95431E-005	...........	-327.63
	165	41.5	-1.39972E-002	-1.39841E-002	8.76097E-005	...........	-327.63
	166	41.75	-1.39832E-002	-1.40029E-002	8.80764E-005	...........	-327.63
	167	42	-1.39769E-002	-1.40758E-002	9.16764E-005	...........	-327.63
	168	42.25	-1.39879E-002	-1.40701E-002	9.24098E-005	...........	-327.63
	169	42.5	-1.40143E-002	-1.41376E-002	8.58764E-005	...........	-327.63
	170	42.75	-1.40501E-002	-1.42306E-002	9.10764E-005	...........	-327.63
	171	43	-1.40958E-002	-1.43610E-002	8.86764E-005	...........	-327.63
	172	43.25	-1.41577E-002	-1.43906E-002	9.40764E-005	...........	-327.63
	173	43.5	-1.42343E-002	-1.44652E-002	8.11431E-005	...........	-327.63
	174	43.75	-1.43135E-002	-1.44661E-002	8.63431E-005	...........	-327.63
	175	44	-1.43816E-002	-1.44854E-002	8.75431E-005	...........	-327.63
	176	44.25	-1.44295E-002	-1.44074E-002	8.86764E-005	...........	-327.63
	177	44.5	-1.44525E-002	-1.44142E-002	8.22097E-005	...........	-327.63
	178	44.75	-1.44514E-002	-1.43841E-002	8.91431E-005	...........	-327.63
	179	45	-1.44357E-002	-1.44247E-002	9.15431E-005	...........	-327.63
	180	45.25	-1.44195E-002	-1.44282E-002	8.60764E-005	...........	-327.63
	181	45.5	-1.44140E-002	-1.45071E-002	8.57431E-005	...........	-327.63
	182	45.75	-1.44239E-002	-1.44939E-002	8.70764E-005	...........	-327.63
	183	46	-1.44468E-002	-1.45415E-002	8.99431E-005	...........	-327.63
	184	46.25	-1.44755E-002	-1.45526E-002	9.00764E-005	...........	-327.63
	185	46.5	-1.45061E-002	-1.46969E-002	8.58764E-005	...........	-327.63
	186	46.75	-1.45445E-002	-1.47514E-002	8.98764E-005	...........	-327.63
	187	47	-1.45965E-002	-1.47095E-002	9.49431E-005	...........	-327.63
	188	47.25	-1.46520E-002	-1.46841E-002	9.40097E-005	...........	-327.63
	189	47.5	-1.46929E-002	-1.48057E-002	8.80764E-005	...........	-327.63
	190	47.75	-1.47190E-002	-1.48655E-002	9.17431E-005	...........	-327.63
	191	48	-1.47507E-002	-1.50027E-002	8.74764E-005	...........	-327.63
	192	48.25	-1.48038E-002	-1.50207E-002	9.63431E-005	...........	-327.63
	193	48.5	-1.48758E-002	-1.51077E-002	9.01431E-005	...........	-327.63
	194	48.75	-1.49510E-002	-1.50334E-002	9.10764E-005	...........	-327.63
	195	49	-1.50092E-002	-1.49607E-002	9.40764E-005	...........	-327.63
	196	49.25	-1.50293E-002	-1.47140E-002	9.80764E-005	...........	-327.63
	197	49.5	-1.49929E-002	-1.45672E-002	9.03431E-005	...........	-327.63
	198	49.75	-1.48951E-002	-1.43806E-002	9.01431E-005	...........	-327.63
	199	50	-1.47523E-002	-1.43370E-002	9.29431E-005	...........	-327.63
	200	50.25	-1.45959E-002	-1.42043E-002	9.54097E-005	...........	-327.63
	201	50.5	-1.44540E-002	-1.42108E-002	8.78764E-005	...........	-327.63
	202	50.75	-1.43413E-002	-1.41583E-002	9.51431E-005	...........	-327.63
	203	51	-1.42618E-002	-1.42138E-002	9.18098E-005	...........	-327.63
	204	51.25	-1.42138E-002	-1.41446E-002	9.43431E-005	...........	-327.63
	205	51.5	-1.41889E-002	-1.41508E-002	9.14097E-005	...........	-327.63
	206	51.75	-1.41743E-002	-1.41214E-002	9.02764E-005	...........	-327.63
	207	52	-1.41626E-002	-1.42287E-002	9.66764E-005	...........	-327.63
	208	52.25	-1.41583E-002	-1.42006E-002	9.96097E-005	...........	-327.63
	209	52.5	-1.41672E-002	-1.42243E-002	9.14764E-005	...........	-327.63
	210	52.75	-1.41828E-002	-1.40988E-002	9.46764E-005	...........	-327.63
	211	53	-1.41876E-002	-1.40755E-002	1.00143E-004	...........	-327.63
	212	53.25	-1.41679E-002	-1.39709E-002	8.94764E-005	...........	-327.63
	213	53.5	-1.41247E-002	-1.40020E-002	8.83431E-005	...........	-327.63
	214	53.75	-1.40710E-002	-1.39112E-002	9.22098E-005	...........	-327.63
	215	54	-1.40200E-002	-1.39245E-002	9.94764E-005	...........	-327.63
	216	54.25	-1.39762E-002	-1.38264E-002	9.92097E-005	...........	-327.63
	217	54.5	-1.39369E-002	-1.38513E-002	9.64098E-005	...........	-327.63
	218	54.75	-1.39004E-002	-1.38341E-002	9.20764E-005	...........	-327.63
	219	55	-1.38714E-002	-1.39003E-002	8.92097E-005	...........	-327.63
	220	55.25	-1.38576E-002	-1.38834E-002	9.86097E-005	...........	-327.63
	221	55.5	-1.38608E-002	-1.39371E-002	9.45431E-005	...........	-327.63
	222	55.75	-1.38753E-002	-1.38826E-002	9.17431E-005	...........	-327.63
	223	56	-1.38909E-002	-1.38965E-002	9.16097E-005	...........	-327.63
	224	56.25	-1.38981E-002	-1.38267E-002	9.44098E-005	...........	-327.63
	225	56.5	-1.38925E-002	-1.38474E-002	8.95431E-005	...........	-327.63
	226	56.75	-1.38771E-002	-1.38389E-002	8.92764E-005	...........	-327.63
	227	57	-1.38605E-002	-1.38682E-002	9.82097E-005	...........	-327.63
	228	57.25	-1.38509E-002	-1.38576E-002	9.77431E-005	...........	-327.63
	229	57.5	-1.38500E-002	-1.38587E-002	9.53431E-005	...........	-327.63
	230	57.75	-1.38538E-002	-1.38693E-002	9.18098E-005	...........	-327.63
	231	58	-1.38590E-002	-1.39138E-002	9.77431E-005	...........	-327.63
	232	58.25	-1.38679E-002	-1.39411E-002	9.56764E-005	...........	-327.63
	233	58.5	-1.38843E-002	-1.39665E-002	9.62764E-005	...........	-327.63
	234	58.75	-1.39074E-002	-1.39601E-002	9.42098E-005	...........	-327.63
	235	59	-1.39305E-002	-1.39288E-002	9.67431E-005	...........	-327.63
	236	59.25	-1.39451E-002	-1.39384E-002	9.88764E-005	...........	-327.63
	237	59.5	-1.39479E-002	-1.39132E-002	8.94764E-005	...........	-327.63
	238	59.75	-1.39416E-002	-1.38984E-002	9.27431E-005	...........	-327.63
	239	60	-1.39291E-002	-1.38263E-002	9.25431E-005	...........	-327.63
	240	60.25	-1.39094E-002	-1.38203E-002	9.89431E-005	...........	-327.63
	241	60.5	-1.38823E-002	-1.38045E-002	9.31431E-005	...........	-327.63
	242	60.75	-1.38541E-002	-1.38597E-002	8.96764E-005	...........	-327.63
	243	61	-1.38363E-002	-1.38961E-002	9.42764E-005	...........	-327.63
	244	61.25	-1.38395E-002	-1.40386E-002	9.06098E-005	...........	-327.63
	245	61.5	-1.38693E-002	-1.40175E-002	8.52098E-005	...........	-327.63
	246	61.75	-1.39194E-002	-1.40591E-002	8.63431E-005	...........	-327.63
	247	62	-1.39729E-002	-1.40475E-002	8.90097E-005	...........	-327.63
	248	62.25	-1.40157E-002	-1.41348E-002	9.14764E-005	...........	-327.63
	249	62.5	-1.40474E-002	-1.40916E-002	9.37431E-005	...........	-327.63
	250	62.75	-1.40733E-002	-1.41497E-002	8.96098E-005	...........	-327.63
	251	63	-1.40947E-002	-1.40917E-002	9.44764E-005	...........	-327.63
	252	63.25	-1.41091E-002	-1.41170E-002	9.40764E-005	...........	-327.63
	253	63.5	-1.41134E-002	-1.40323E-002	8.70764E-005	...........	-327.63
	254	63.75	-1.41050E-002	-1.40075E-002	9.04764E-005	...........	-327.63
	255	64	-1.40803E-002	-1.38413E-002	9.33431E-005	...........	-327.63
	256	64.25	-1.40347E-002	-1.38084E-002	9.26764E-005	...........	-327.63
	257	64.5	-1.39672E-002	-1.36783E-002	9.06764E-005	...........	-327.63
	258	64.75	-1.38856E-002	-1.36861E-002	8.80764E-005	...........	-327.63
	259	65	-1.38037E-002	-1.36222E-002	9.60098E-005	...........	-327.63
	260	65.25	-1.37364E-002	-1.37617E-002	9.26098E-005	...........	-327.63
	261	65.5	-1.36997E-002	-1.38392E-002	8.89431E-005	...........	-327.63
	262	65.75	-1.37090E-002	-1.40873E-002	8.31431E-005	...........	-327.63
	263	66	-1.37733E-002	-1.41939E-002	8.89431E-005	...........	-327.63
	264	66.25	-1.38862E-002	-1.43023E-002	9.20764E-005	...........	-327.63
	265	66.5	-1.40205E-002	-1.42203E-002	8.66764E-005	...........	-327.63
	266	66.75	-1.41362E-002	-1.41661E-002	8.78764E-005	...........	-327.63
	267	67	-1.41976E-002	-1.39481E-002	9.71431E-005	...........	-327.63
	268	67.25	-1.41877E-002	-1.38563E-002	9.52764E-005	...........	-327.63
	269	67.5	-1.41127E-002	-1.37017E-002	9.00764E-005	...........	-327.63
	270	67.75	-1.39982E-002	-1.37120E-002	8.79431E-005	...........	-327.63
	271	68	-1.38783E-002	-1.36483E-002	9.78098E-005	...........	-327.63
	272	68.25	-1.37808E-002	-1.37042E-002	8.98764E-005	...........	-327.63
	273	68.5	-1.37176E-002	-1.36266E-002	9.35431E-005	...........	-327.63
	274	68.75	-1.36830E-002	-1.36309E-002	8.93431E-005	...........	-327.63
	275	69	-1.36611E-002	-1.35344E-002	9.28764E-005	...........	-327.63
	276	69.25	-1.36366E-002	-1.35226E-002	9.68764E-005	...........	-327.63
	277	69.5	-1.36010E-002	-1.33812E-002	8.96764E-005	...........	-327.63
	278	69.75	-1.35519E-002	-1.33658E-002	9.58764E-005	...........	-327.63
	279	70	-1.34923E-002	-1.33564E-002	9.05431E-005	...........	-327.63
	280	70.25	-1.34354E-002	-1.34289E-002	8.70098E-005	...........	-327.63
	281	70.5	-1.33991E-002	-1.34222E-002	8.60097E-005	...........	-327.63
	282	70.75	-1.33917E-002	-1.34986E-002	8.08098E-005	...........	-327.63
	283	71	-1.34085E-002	-1.35074E-002	8.98097E-005	...........	-327.63
	284	71.25	-1.34394E-002	-1.35631E-002	9.68764E-005	...........	-327.63
	285	71.5	-1.34754E-002	-1.35403E-002	9.21431E-005	...........	-327.63
	286	71.75	-1.35091E-002	-1.35946E-002	8.68764E-005	...........	-327.63
	287	72	-1.35367E-002	-1.35896E-002	9.02764E-005	...........	-327.63
	288	72.25	-1.35594E-002	-1.36397E-002	9.39431E-005	...........	-327.63
	289	72.5	-1.35803E-002	-1.36202E-002	8.85431E-005	...........	-327.63
	290	72.75	-1.35999E-002	-1.36494E-002	8.23431E-005	...........	-327.63
	291	73	-1.36160E-002	-1.36037E-002	9.70098E-005	...........	-327.63
	292	73.25	-1.36259E-002	-1.36582E-002	9.47431E-005	...........	-327.63
	293	73.5	-1.36308E-002	-1.36497E-002	8.61431E-005	...........	-327.63
	294	73.75	-1.36362E-002	-1.36939E-002	9.18098E-005	...........	-327.63
	295	74	-1.36455E-002	-1.36446E-002	9.66097E-005	...........	-327.63
	296	74.25	-1.36562E-002	-1.36868E-002	1.03476E-004	...........	-327.63
	297	74.5	-1.36634E-002	-1.36233E-002	9.12764E-005	...........	-327.63
	298	74.75	-1.36639E-002	-1.36456E-002	9.03431E-005	...........	-327.63
	299	75	-1.36568E-002	-1.35696E-002	9.24764E-005	...........	-327.63
	300	75.25	-1.36416E-002	-1.35624E-002	9.36097E-005	...........	-327.63
	301	75.5	-1.36177E-002	-1.34801E-002	9.40764E-005	...........	-327.63
	302	75.75	-1.35857E-002	-1.34933E-002	9.52764E-005	...........	-327.63
	303	76	-1.35475E-002	-1.33598E-002	9.24098E-005	...........	-327.63
	304	76.25	-1.35062E-002	-1.34766E-002	9.12764E-005	...........	-327.63
	305	76.5	-1.34696E-002	-1.34695E-002	8.18764E-005	...........	-327.63
	306	76.75	-1.34491E-002	-1.34313E-002	8.74764E-005	...........	-327.63
	307	77	-1.34446E-002	-1.34249E-002	9.34764E-005	...........	-327.63
	308	77.25	-1.34456E-002	-1.35186E-002	9.49431E-005	...........	-327.63
	309	77.5	-1.34506E-002	-1.35299E-002	8.60764E-005	...........	-327.63
	310	77.75	-1.34667E-002	-1.35770E-002	9.51431E-005	...........	-327.63
	311	78	-1.34948E-002	-1.35681E-002	9.60098E-005	...........	-327.63
	312	78.25	-1.35271E-002	-1.36269E-002	9.83431E-005	...........	-327.63
	313	78.5	-1.35559E-002	-1.35579E-002	8.93431E-005	...........	-327.63
	314	78.75	-1.35756E-002	-1.35595E-002	8.68098E-005	...........	-327.63
	315	79	-1.35805E-002	-1.34879E-002	9.40764E-005	...........	-327.63
	316	79.25	-1.35684E-002	-1.34885E-002	8.83431E-005	...........	-327.63
	317	79.5	-1.35430E-002	-1.34168E-002	8.30098E-005	...........	-327.63
	318	79.75	-1.35108E-002	-1.34545E-002	8.50097E-005	...........	-327.63
	319	80	-1.34790E-002	-1.33923E-002	9.58764E-005	...........	-327.63
	320	80.25	-1.34524E-002	-1.34163E-002	9.45431E-005	...........	-327.63
	321	80.5	-1.34314E-002	-1.33572E-002	9.01431E-005	...........	-327.63
	322	80.75	-1.34112E-002	-1.32663E-002	8.96098E-005	...........	-327.63
	323	81	-1.33825E-002	-1.31936E-002	8.93431E-005	...........	-327.63
	324	81.25	-1.33386E-002	-1.32135E-002	8.76097E-005	...........	-327.63
	325	81.5	-1.32854E-002	-1.31318E-002	8.56764E-005	...........	-327.63
	326	81.75	-1.32355E-002	-1.31696E-002	9.01431E-005	...........	-327.63
	327	82	-1.31961E-002	-1.31072E-002	9.27431E-005	...........	-327.63
	328	82.25	-1.31675E-002	-1.31371E-002	8.67431E-005	...........	-327.63
	329	82.5	-1.31468E-002	-1.30767E-002	9.04098E-005	...........	-327.63
	330	82.75	-1.31308E-002	-1.31375E-002	8.69431E-005	...........	-327.63
	331	83	-1.31193E-002	-1.31047E-002	8.93431E-005	...........	-327.63
	332	83.25	-1.31143E-002	-1.31564E-002	8.85431E-005	...........	-327.63
	333	83.5	-1.31157E-002	-1.30757E-002	8.40764E-005	...........	-327.63
	334	83.75	-1.31175E-002	-1.30823E-002	8.45431E-005	...........	-327.63
	335	84	-1.31106E-002	-1.29755E-002	9.05431E-005	...........	-327.63
	336	84.25	-1.30898E-002	-1.30206E-002	9.13431E-005	...........	-327.63
	337	84.5	-1.30589E-002	-1.29585E-002	8.85431E-005	...........	-327.63
	338	84.75	-1.30277E-002	-1.30179E-002	8.86764E-005	...........	-327.63
	339	85	-1.30042E-002	-1.29121E-002	8.62098E-005	...........	-327.63
	340	85.25	-1.29861E-002	-1.29076E-002	8.68098E-005	...........	-327.63
	341	85.5	-1.29644E-002	-1.28273E-002	9.10098E-005	...........	-327.63
	342	85.75	-1.29342E-002	-1.28724E-002	8.90097E-005	...........	-327.63
	343	86	-1.29004E-002	-1.28144E-002	9.49431E-005	...........	-327.63
	344	86.25	-1.28726E-002	-1.29049E-002	8.70764E-005	...........	-327.63
	345	86.5	-1.28586E-002	-1.28901E-002	9.06764E-005	...........	-327.63
	346	86.75	-1.28622E-002	-1.29835E-002	8.80764E-005	...........	-327.63
	347	87	-1.28819E-002	-1.29464E-002	8.94097E-005	...........	-327.63
	348	87.25	-1.29111E-002	-1.30134E-002	8.90097E-005	...........	-327.63
	349	87.5	-1.29393E-002	-1.28969E-002	9.46097E-005	...........	-327.63
	350	87.75	-1.29570E-002	-1.29959E-002	9.16097E-005	...........	-327.63
	351	88	-1.29637E-002	-1.30319E-002	8.97431E-005	...........	-327.63
	352	88.25	-1.29732E-002	-1.31471E-002	9.41431E-005	...........	-327.63
	353	88.5	-1.30003E-002	-1.31175E-002	9.15431E-005	...........	-327.63
	354	88.75	-1.30440E-002	-1.31777E-002	8.58098E-005	...........	-327.63
	355	89	-1.30878E-002	-1.30328E-002	9.50098E-005	...........	-327.63
	356	89.25	-1.31121E-002	-1.30435E-002	8.97431E-005	...........	-327.63
	357	89.5	-1.31052E-002	-1.29059E-002	9.17431E-005	...........	-327.63
	358	89.75	-1.30680E-002	-1.28695E-002	8.78097E-005	...........	-327.63
	359	90	-1.30083E-002	-1.27283E-002	9.19431E-005	...........	-327.63
	360	90.25	-1.29346E-002	-1.27428E-002	8.25431E-005	...........	-327.63
	361	90.5	-1.28578E-002	-1.26843E-002	8.60097E-005	...........	-327.63
	362	90.75	-1.27909E-002	-1.27221E-002	8.50764E-005	...........	-327.63
	363	91	-1.27430E-002	-1.26588E-002	9.33431E-005	...........	-327.63
	364	91.25	-1.27131E-002	-1.26658E-002	9.16097E-005	...........	-327.63
	365	91.5	-1.26921E-002	-1.25951E-002	8.80764E-005	...........	-327.63
	366	91.75	-1.26723E-002	-1.26597E-002	9.18764E-005	...........	-327.63
	367	92	-1.26535E-002	-1.26255E-002	9.11431E-005	...........	-327.63
	368	92.25	-1.26412E-002	-1.26578E-002	8.88098E-005	...........	-327.63
	369	92.5	-1.26354E-002	-1.25303E-002	8.69431E-005	...........	-327.63
	370	92.75	-1.26268E-002	-1.25571E-002	8.49431E-005	...........	-327.63
	371	93	-1.26062E-002	-1.24755E-002	8.86098E-005	...........	-327.63
	372	93.25	-1.25742E-002	-1.24738E-002	8.86098E-005	...........	-327.63
	373	93.5	-1.25355E-002	-1.23298E-002	8.78764E-005	...........	-327.63
	374	93.75	-1.24898E-002	-1.23299E-002	8.44098E-005	...........	-327.63
	375	94	-1.24353E-002	-1.22271E-002	9.42098E-005	...........	-327.63
	376	94.25	-1.23754E-002	-1.22412E-002	8.80764E-005	...........	-327.63
	377	94.5	-1.23173E-002	-1.21587E-002	9.19431E-005	...........	-327.63
	378	94.75	-1.22662E-002	-1.21736E-002	8.39431E-005	...........	-327.63
	379	95	-1.22231E-002	-1.20914E-002	9.08764E-005	...........	-327.63
	380	95.25	-1.21863E-002	-1.21390E-002	9.02764E-005	...........	-327.63
	381	95.5	-1.21558E-002	-1.20922E-002	9.28097E-005	...........	-327.63
	382	95.75	-1.21350E-002	-1.22093E-002	8.76097E-005	...........	-327.63
	383	96	-1.21298E-002	-1.21832E-002	9.32764E-005	...........	-327.63
	384	96.25	-1.21421E-002	-1.22307E-002	8.74764E-005	...........	-327.63
	385	96.5	-1.21648E-002	-1.21648E-002	9.10764E-005	...........	-327.63
	386	96.75	-1.21846E-002	-1.22046E-002	8.50097E-005	...........	-327.63
	387	97	-1.21927E-002	-1.21181E-002	9.11431E-005	...........	-327.63
	388	97.25	-1.21872E-002	-1.21287E-002	8.72764E-005	...........	-327.63
	389	97.5	-1.21696E-002	-1.20542E-002	8.80764E-005	...........	-327.63
	390	97.75	-1.21437E-002	-1.20956E-002	9.02097E-005	...........	-327.63
	391	98	-1.21157E-002	-1.20313E-002	8.91431E-005	...........	-327.63
	392	98.25	-1.20910E-002	-1.20518E-002	8.94764E-005	...........	-327.63
	393	98.5	-1.20693E-002	-1.19382E-002	8.84764E-005	...........	-327.63
	394	98.75	-1.20450E-002	-1.19485E-002	8.89431E-005	...........	-327.63
	395	99	-1.20139E-002	-1.19156E-002	8.79431E-005	...........	-327.63
	396	99.25	-1.19837E-002	-1.21221E-002	8.28764E-005	...........	-327.63
	397	99.5	-1.19780E-002	-1.22875E-002	8.68764E-005	...........	-327.63
	398	99.75	-1.20268E-002	-1.26482E-002	8.98097E-005	...........	-327.63
	399	100	-1.21474E-002	-1.27355E-002	9.14097E-005	...........	-327.63
EOC	QUANT	-0.0121474	Open Circuit (V)
PSTATMODEL	IQUANT	5	Pstat Model
PSTATSECTION	LABEL	REF3000-20110	Pstat Section
PSTATSERIALNO	LABEL	20110	Pstat Serial Number
CTRLMODE	IQUANT	0	Control Mode
ELECTROMETER	IQUANT	0	RE=0 or CS=1
IESTAB	IQUANT	0	I/E Stability
CASPEED	IQUANT	4	Control Amp Speed
CONVENTION	IQUANT	1	Current Convention
ICHRANGE	IQUANT	2	Ich Range
ICHRANGEMODE	TOGGLE	F	Ich Auto Range
ICHOFFSETENABLE	TOGGLE	T	Ich Offset Enable
ICHOFFSET	QUANT	0	Ich Offset (V)
ICHFILTER	IQUANT	3	Ich Filter
VCHRANGE	IQUANT	2	Vch Range
VCHRANGEMODE	TOGGLE	F	Vch Auto Range
VCHOFFSETENABLE	TOGGLE	T	Vch Offset Enable
VCHOFFSET	QUANT	0	Vch Offset (V)
VCHFILTER	IQUANT	3	Vch Filter
ACHRANGE	IQUANT	2	Ach Range
ACHOFFSETENABLE	TOGGLE	F	Ach Offset Enable
ACHOFFSET	QUANT	0	Ach Offset (V)
ACHFILTER	IQUANT	1	Ach Filter
IERANGELOWERLIMIT	IQUANT	2	I/E Range Lower Limit
IERANGEMODE	TOGGLE	F	I/E AutoRange
IERANGE	IQUANT	11	I/E Range
POSFEEDENABLE	TOGGLE	F	Positive Feedback IR Comp
POSFEEDRESISTANCE	QUANT	0	Positive Feedback Resistance (ohm)
ACHSELECT	IQUANT	4	Ach Select
SENSECABLEID	IQUANT	14	Sense Cable ID
PWRCABLEID	IQUANT	7	Power Cable ID
DCCALDATE	LABEL	8/9/2022	DC Calibration Date
ACCALDATE	LABEL	8/9/2022	AC Calibration Date
THERMOSELECT	IQUANT	1	Thermo Select
FRAMEWORKVERSION	LABEL	7.9.0	Framework Version
INSTRUMENTVERSION	LABEL	4.60	Instrument Version
COMPLIANCEVOLTAGE	IQUANT	0	Compliance Voltage
ZCURVE	TABLE
	Pt	Time	Freq	Zreal	Zimag	Zsig	Zmod	Zphz	Idc	Vdc	IERange
	#	s	Hz	ohm	ohm	V	ohm	°	A	V	#
	0	6	100078.1	2004.882	-63.36364	1	2005.883	-1.810212	-3.718879E-006	-0.139289	9
	1	8	79453.13	2013.322	-71.69996	1	2014.598	-2.039599	-1.964108E-006	-0.1646844	9
	2	9	63140.62	2023.09	-80.20461	1	2024.679	-2.27028	-2.52309E-006	-0.1836246	9
	3	10	50203.12	2034.318	-89.07505	1	2036.268	-2.507162	-1.388749E-006	-0.1962828	9
	4	12	39890.62	2046.557	-98.1626	1	2048.91	-2.746072	-2.002749E-006	-0.2044118	9
	5	13	31640.63	2060.23	-107.6674	1	2063.042	-2.991551	-3.085598E-006	-0.2089812	9
	6	15	25171.88	2074.45	-117.2236	1	2077.759	-3.234247	-9.797809E-007	-0.2117119	9
	7	16	20015.62	2089.254	-127.0625	1	2093.114	-3.480282	-3.787616E-006	-0.2129364	9
	8	17	15890.62	2104.221	-137.3698	1	2108.701	-3.735137	-8.934139E-007	-0.2149596	9
	9	19	12609.38	2118.416	-147.8775	1	2123.571	-3.993094	-3.861212E-006	-0.2160622	9
	10	20	10078.13	2131.148	-158.0274	1	2136.999	-4.240796	-2.593301E-006	-0.218815	9
	11	22	8015.625	2142.358	-168.0011	1	2148.936	-4.483887	-3.185497E-006	-0.2188424	9
	12	23	6328.125	2152.571	-178.297	1	2159.943	-4.734989	-3.749069E-006	-0.2191183	9
	13	24	5015.625	2169.416	-191.9099	1	2177.888	-5.055314	-3.882724E-006	-0.2226572	9
	14	26	3984.375	2195.643	-210.6419	1	2205.724	-5.479975	-1.054208E-006	-0.2255896	9
	15	27	3170.956	2216.37	-228.5665	1	2228.125	-5.8879	-2.137062E-006	-0.2268515	9
	16	29	2527.573	2236.938	-248.5058	1	2250.699	-6.339107	-3.301035E-006	-0.2202943	9
	17	30	1976.103	2260.124	-273.8507	1	2276.655	-6.908636	-3.244133E-006	-0.2187853	9
	18	32	1577.524	2283.07	-301.7678	1	2302.927	-7.529498	-1.554565E-006	-0.2285971	9
	19	33	1265.625	2307.524	-332.0026	1	2331.286	-8.187432	-3.832193E-006	-0.2161565	9
	20	34	998.264	2335.47	-367.5948	1	2364.222	-8.944773	-1.043332E-006	-0.2275554	9
	21	36	796.875	2365.914	-404.9606	1	2400.321	-9.71288	-3.915114E-006	-0.2102843	9
	22	37	627.7902	2400.58	-446.1346	1	2441.684	-10.528	-1.110217E-006	-0.2211534	9
	23	39	505.5147	2434.388	-484.1304	1	2482.061	-11.24775	-2.488871E-006	-0.2142335	9
	24	40	397.9953	2473.561	-524.9686	1	2528.655	-11.9822	-2.458589E-006	-0.233789	9
	25	41	315.5048	2521.334	-570.3692	1	2585.043	-12.74675	-2.545435E-006	-0.2482272	9
	26	43	252.4038	2575.293	-618.9676	1	2648.633	-13.51461	-2.503839E-006	-0.2336353	9
	27	44	198.6229	2624.669	-662.6301	1	2707.021	-14.16895	-2.498132E-006	-0.1995547	9
	28	46	158.3615	2688.03	-713.9949	1	2781.24	-14.87542	-2.475349E-006	-0.2309318	9
	29	47	125.558	2745.848	-751.8409	1	2846.919	-15.31285	-2.436983E-006	-0.1707269	9
	30	49	100.4464	2786.679	-788.7822	1	2896.163	-15.8044	-2.426024E-006	-0.2665261	9
	31	50	79.00281	2846.698	-821.1233	1	2962.758	-16.09008	-2.551034E-006	-0.2830835	9
	32	52	63.3446	2927.945	-847.2061	1	3048.052	-16.1379	-2.492008E-006	-0.2197779	9
	33	54	50.22321	2990.99	-869.6512	1	3114.853	-16.21216	-2.669297E-006	-0.2726344	9
	34	55	38.42213	3075.768	-912.8877	1	3208.382	-16.53088	-2.515773E-006	-0.2888137	9
	35	57	31.25	3122.574	-932.5419	1	3258.85	-16.628	-2.391941E-006	-0.4262706	9
	36	58	24.93351	3189.255	-970.051	1	3333.518	-16.91779	-2.465948E-006	-0.4628851	9
	37	60	19.86229	3271.116	-1017.288	1	3425.65	-17.27524	-2.264382E-006	-0.1548987	9
	38	61	15.625	3344.551	-1098.068	1	3520.195	-18.1758	-2.548091E-006	-0.3396766	9
	39	62	12.40079	3414.41	-1118.202	1	3592.851	-18.13336	-2.468687E-006	-0.3720492	9
	40	64	9.93114	3439.899	-1070.538	1	3602.632	-17.28677	-2.774836E-006	-0.4665816	9
	41	65	7.944915	3481.742	-1095.535	1	3650.031	-17.46626	-2.490781E-006	-0.3858866	9
	42	67	6.317385	3536.12	-1114.597	1	3707.623	-17.49503	-3.135239E-006	0.0548968	9
	43	69	5.008013	3576.793	-1132.79	1	3751.888	-17.57328	-2.712358E-006	-0.1649457	9
	44	72	3.945707	3597.991	-901.0229	1	3709.095	-14.0591	-2.291526E-006	-0.3856629	9
	45	75	3.158693	3692.245	-981.378	1	3820.442	-14.88475	-3.161722E-006	-0.0115884	9
	46	78	2.504006	3658.872	-895.5533	1	3766.877	-13.75344	-2.231123E-006	-0.2245326	9
	47	82	1.998082	3515.429	-690.7151	1	3582.643	-11.11593	-3.80473E-006	-0.3163998	9
	48	87	1.584686	3701.329	-846.1527	1	3796.816	-12.87698	-4.065469E-006	-0.0361852	9
	49	92	1.266892	3691.814	-692.5905	1	3756.218	-10.62528	-4.181571E-006	-0.315756	9
	50	99	0.999041	3872.398	-731.4734	1	3940.878	-10.6968	-1.35241E-006	0.0969825	9
