EXPLAIN
TAG	GALVEIS
TITLE	LABEL	Galvanostatic EIS	Test &Identifier
DATE	LABEL	19-12-2022	Date
TIME	LABEL	12:30:36	Time
NOTES	NOTES	1	&Notes...
	
PSTAT	PSTAT	REF3000-20110	Potentiostat
IDCREQ	QUANT	0.00000E+000	DC &Current (A)
FREQINIT	QUANT	1.00000E+006	Initial Fre&q. (Hz)
FREQFINAL	QUANT	1.00000E-001	Final Fre&q. (Hz)
PTSPERDEC	QUANT	5.00000E+000	Points/&decade
IACREQ	QUANT	1.00000E-004	AC &Current (A rms)
AREA	QUANT	1.00000E+000	&Area (cm^2)
CONDIT	TWOPARAM	F	1.50000E+001	0.00000E+000	Conditionin&g	Time(s)	E(V)
DELAY	TWOPARAM	T	1.00000E+002	0.00000E+000	Init. De&lay	Time(s)	Stab.(mV/s)
SPEED	SELECTOR	1	&Optimize for:
THD	SELECTOR	0	T&HD
DRIFTCOR	SELECTOR	0	&Drift Correction
ZGUESS	QUANT	5.00000E+002	E&stimated Z (ohms)
OCVCURVE	TABLE	400
	Pt	T	Vf	Vm	Ach	Over	Temp
	#	s	V vs. Ref.	V	V	bits	deg C
	0	0.25	-1.07947E-002	-1.07947E-002	3.11743E-004	...........	-327.63
	1	0.5	-1.04919E-002	5.05215E-003	1.93010E-004	.........v.	-327.63
	2	0.75	-9.03621E-003	-1.03423E-003	3.13476E-004	...........	-327.63
	3	1	-6.03968E-003	4.56392E-003	1.95276E-004	.........v.	-327.63
	4	1.25	-2.55751E-003	-2.48407E-003	3.15743E-004	...........	-327.63
	5	1.5	-3.02639E-005	4.89218E-003	2.01543E-004	.........v.	-327.63
	6	1.75	1.49246E-003	1.62974E-002	3.17010E-004	...........	-327.63
	7	2	3.26701E-003	4.41510E-003	1.94410E-004	.........v.	-327.63
	8	2.25	5.83345E-003	1.72560E-002	3.15143E-004	...........	-327.63
	9	2.5	8.32844E-003	4.07647E-003	1.98076E-004	.........v.	-327.63
	10	2.75	1.01115E-002	2.65542E-002	3.16743E-004	...........	-327.63
	11	3	1.15095E-002	1.67168E-003	2.22876E-004	...........	-327.63
	12	3.25	1.24305E-002	7.94566E-003	3.19810E-004	.........v.	-327.63
	13	3.5	1.17772E-002	-2.12436E-003	2.21676E-004	...........	-327.63
	14	3.75	9.29000E-003	8.74059E-003	3.19943E-004	.........v.	-327.63
	15	4	6.33194E-003	-3.38192E-003	2.20876E-004	...........	-327.63
	16	4.25	4.19833E-003	8.91993E-003	3.20543E-004	.........v.	-327.63
	17	4.5	3.15209E-003	-1.36890E-003	2.23476E-004	...........	-327.63
	18	4.75	2.93994E-003	9.42276E-003	3.17010E-004	.........v.	-327.63
	19	5	3.09387E-003	-7.18525E-003	2.23476E-004	...........	-327.63
	20	5.25	3.01789E-003	9.75922E-003	3.21810E-004	.........v.	-327.63
	21	5.5	2.06795E-003	-3.02024E-002	2.17143E-004	...........	-327.63
	22	5.75	-3.36490E-004	1.27805E-002	3.20876E-004	...........	-327.63
	23	6	-3.12767E-003	1.82425E-003	1.91076E-004	.........v.	-327.63
	24	6.25	-2.90028E-003	4.32576E-002	3.14543E-004	...........	-327.63
	25	6.5	2.27674E-003	-6.18448E-003	2.14610E-004	...........	-327.63
	26	6.75	9.11871E-003	9.73782E-003	3.15343E-004	.........v.	-327.63
	27	7	1.19055E-002	-2.14847E-002	2.17276E-004	...........	-327.63
	28	7.25	8.71470E-003	9.48514E-003	3.21610E-004	.........v.	-327.63
	29	7.5	2.68714E-003	-1.98970E-002	2.17076E-004	...........	-327.63
	30	7.75	-2.28453E-003	9.61884E-003	3.15943E-004	.........v.	-327.63
	31	8	-4.81282E-003	-2.01559E-002	2.22876E-004	...........	-327.63
	32	8.25	-5.55233E-003	9.75819E-003	3.17010E-004	.........v.	-327.63
	33	8.5	-5.55415E-003	-2.11287E-002	2.22743E-004	...........	-327.63
	34	8.75	-5.46276E-003	9.85438E-003	3.26810E-004	.........v.	-327.63
	35	9	-5.51764E-003	-2.33362E-002	2.23276E-004	...........	-327.63
	36	9.25	-5.76037E-003	1.01657E-002	3.15343E-004	.........v.	-327.63
	37	9.5	-5.75091E-003	-4.82614E-003	2.27543E-004	...........	-327.63
	38	9.75	-4.53235E-003	1.14119E-002	3.09876E-004	.........v.	-327.63
	39	10	-2.22360E-003	-1.71117E-002	2.23343E-004	...........	-327.63
	40	10.25	-5.40434E-004	1.13330E-002	3.16210E-004	.........v.	-327.63
	41	10.5	-4.56995E-004	-1.42753E-002	2.21076E-004	...........	-327.63
	42	10.75	-1.14962E-003	1.14223E-002	3.21943E-004	.........v.	-327.63
	43	11	-1.58591E-003	-1.27016E-002	2.20410E-004	...........	-327.63
	44	11.25	-1.52022E-003	1.17438E-002	3.16210E-004	.........v.	-327.63
	45	11.5	-1.27938E-003	-1.83587E-002	2.20810E-004	...........	-327.63
	46	11.75	-1.37293E-003	1.17495E-002	3.15476E-004	.........v.	-327.63
	47	12	-1.85810E-003	-1.41559E-002	2.17143E-004	...........	-327.63
	48	12.25	-2.21401E-003	1.10718E-002	3.14343E-004	.........v.	-327.63
	49	12.5	-2.11788E-003	-1.29433E-002	2.25476E-004	...........	-327.63
	50	12.75	-1.73601E-003	1.14764E-002	3.18476E-004	.........v.	-327.63
	51	13	-1.26419E-003	-1.02195E-002	2.21876E-004	...........	-327.63
	52	13.25	-7.25964E-004	1.13590E-002	3.16410E-004	.........v.	-327.63
	53	13.5	-9.42952E-005	-6.27194E-003	2.20743E-004	...........	-327.63
	54	13.75	6.57573E-004	1.15418E-002	3.14543E-004	.........v.	-327.63
	55	14	1.37641E-003	-1.06966E-002	2.22876E-004	...........	-327.63
	56	14.25	1.66887E-003	1.12347E-002	3.13676E-004	.........v.	-327.63
	57	14.5	1.39046E-003	-1.11731E-002	2.18610E-004	...........	-327.63
	58	14.75	8.43883E-004	1.09741E-002	3.22143E-004	.........v.	-327.63
	59	15	2.58073E-004	-1.66137E-002	2.25343E-004	...........	-327.63
	60	15.25	-4.78295E-004	1.08033E-002	3.20876E-004	.........v.	-327.63
	61	15.5	-1.43491E-003	-1.89088E-002	2.22143E-004	...........	-327.63
	62	15.75	-2.43470E-003	1.06398E-002	3.15076E-004	.........v.	-327.63
	63	16	-3.22243E-003	-1.67517E-002	2.18676E-004	...........	-327.63
	64	16.25	-3.59093E-003	1.06679E-002	3.16076E-004	.........v.	-327.63
	65	16.5	-3.50602E-003	-1.44644E-002	2.25876E-004	...........	-327.63
	66	16.75	-3.10562E-003	1.07797E-002	3.14210E-004	.........v.	-327.63
	67	17	-2.44756E-003	-6.82030E-003	2.18943E-004	...........	-327.63
	68	17.25	-1.41504E-003	1.06771E-002	3.19810E-004	.........v.	-327.63
	69	17.5	-6.21631E-004	-3.35896E-002	2.22143E-004	...........	-327.63
	70	17.75	-1.78744E-003	2.77609E-003	3.16476E-004	...........	-327.63
	71	18	-5.10020E-003	-1.17852E-002	2.09343E-004	.........v.	-327.63
	72	18.25	-7.99030E-003	-2.72493E-003	3.13610E-004	...........	-327.63
	73	18.5	-8.69607E-003	-1.09376E-002	2.02143E-004	.........v.	-327.63
	74	18.75	-8.04346E-003	-1.79492E-003	3.08676E-004	...........	-327.63
	75	19	-7.21550E-003	-9.27393E-003	2.04343E-004	.........v.	-327.63
	76	19.25	-6.55926E-003	-2.21399E-003	3.15810E-004	...........	-327.63
	77	19.5	-6.12666E-003	-1.08189E-002	2.09543E-004	.........v.	-327.63
	78	19.75	-5.98233E-003	-1.92257E-003	3.16943E-004	...........	-327.63
	79	20	-6.07600E-003	-1.08914E-002	2.06610E-004	.........v.	-327.63
	80	20.25	-6.22446E-003	-1.28053E-003	3.12743E-004	...........	-327.63
	81	20.5	-6.27047E-003	-1.00785E-002	2.09810E-004	.........v.	-327.63
	82	20.75	-6.16795E-003	-1.37630E-003	3.11610E-004	...........	-327.63
	83	21	-5.96351E-003	-8.87259E-003	2.06810E-004	.........v.	-327.63
	84	21.25	-5.76880E-003	-4.32580E-003	3.16343E-004	...........	-327.63
	85	21.5	-5.78199E-003	-1.04014E-002	9.23431E-005	.........v.	-327.63
	86	21.75	-6.09684E-003	-2.87333E-003	7.10764E-005	...........	-327.63
	87	22	-6.42007E-003	-6.51233E-003	3.44097E-005	.........v.	-327.63
	88	22.25	-6.39147E-003	-6.12146E-003	7.38764E-005	...........	-327.63
	89	22.5	-6.17601E-003	-8.54472E-003	3.72097E-005	.........v.	-327.63
	90	22.75	-6.39950E-003	-1.56957E-002	7.21431E-005	...........	-327.63
	91	23	-7.54122E-003	-9.55417E-003	3.37431E-005	.........v.	-327.63
	92	23.25	-9.34042E-003	-1.44361E-002	7.53431E-005	...........	-327.63
	93	23.5	-1.11193E-002	-1.82720E-002	3.22097E-005	.........v.	-327.63
	94	23.75	-1.30240E-002	-3.09244E-002	7.50764E-005	...........	-327.63
	95	24	-1.64063E-002	-4.75177E-002	6.87431E-005	...........	-327.63
	96	24.25	-2.20264E-002	-1.87607E-002	6.89431E-005	...........	-327.63
	97	24.5	-2.74438E-002	-1.26100E-002	3.24764E-005	.........v.	-327.63
	98	24.75	-2.87157E-002	-2.22145E-002	6.96764E-005	...........	-327.63
	99	25	-2.55398E-002	-1.05525E-002	2.95431E-005	.........v.	-327.63
	100	25.25	-2.10505E-002	-1.58534E-002	7.19431E-005	...........	-327.63
	101	25.5	-1.75313E-002	-1.41440E-002	3.11431E-005	.........v.	-327.63
	102	25.75	-1.53809E-002	-1.07313E-002	6.82764E-005	...........	-327.63
	103	26	-1.41440E-002	-1.22441E-002	3.11431E-005	.........v.	-327.63
	104	26.25	-1.33031E-002	-1.53326E-002	7.32764E-005	...........	-327.63
	105	26.5	-1.29209E-002	-1.53415E-002	2.90764E-005	.........v.	-327.63
	106	26.75	-1.33199E-002	-1.91111E-002	6.88764E-005	...........	-327.63
	107	27	-1.44705E-002	-1.87330E-002	2.95431E-005	.........v.	-327.63
	108	27.25	-1.61694E-002	-2.78410E-002	6.92098E-005	...........	-327.63
	109	27.5	-1.88594E-002	-4.85667E-002	6.70764E-005	...........	-327.63
	110	27.75	-2.34107E-002	-2.69665E-002	7.14098E-005	...........	-327.63
	111	28	-2.91350E-002	-4.60586E-002	6.55431E-005	...........	-327.63
	112	28.25	-3.37747E-002	-2.55147E-002	7.45431E-005	...........	-327.63
	113	28.5	-3.59222E-002	-3.82768E-002	6.79431E-005	...........	-327.63
	114	28.75	-3.55380E-002	-1.23677E-002	7.20098E-005	...........	-327.63
	115	29	-3.26636E-002	-1.30149E-002	3.61431E-005	.........v.	-327.63
	116	29.25	-2.73205E-002	-7.39696E-003	6.79431E-005	...........	-327.63
	117	29.5	-2.07257E-002	-1.29025E-002	3.32764E-005	.........v.	-327.63
	118	29.75	-1.49974E-002	-3.18862E-003	6.94098E-005	...........	-327.63
	119	30	-1.12768E-002	-1.43399E-002	3.54764E-005	.........v.	-327.63
	120	30.25	-9.28174E-003	1.43988E-003	7.16764E-005	...........	-327.63
	121	30.5	-8.18314E-003	-1.34602E-002	3.54764E-005	.........v.	-327.63
	122	30.75	-7.35405E-003	1.48285E-003	6.50097E-005	...........	-327.63
	123	31	-6.66149E-003	-1.30025E-002	3.16764E-005	.........v.	-327.63
	124	31.25	-6.21007E-003	-3.06363E-005	6.84764E-005	...........	-327.63
	125	31.5	-6.07349E-003	-1.36436E-002	3.32098E-005	.........v.	-327.63
	126	31.75	-6.23222E-003	-8.90290E-004	7.14764E-005	...........	-327.63
	127	32	-6.60202E-003	-1.57969E-002	1.66098E-005	.........v.	-327.63
	128	32.25	-7.54693E-003	-2.37665E-002	7.00098E-005	...........	-327.63
	129	32.5	-9.48254E-003	6.80214E-003	8.34309E-006	.........v.	-327.63
	130	32.75	-1.12000E-002	-1.89299E-002	7.20764E-005	...........	-327.63
	131	33	-1.10048E-002	6.92010E-003	1.06098E-005	.........v.	-327.63
	132	33.25	-9.00192E-003	-5.61386E-003	7.32764E-005	...........	-327.63
	133	33.5	-6.12525E-003	7.74471E-003	1.00097E-005	.........v.	-327.63
	134	33.75	-1.76258E-003	6.53682E-002	3.86764E-005	.........v.	-327.63
	135	34	8.85149E-003	1.42295E-001	7.02098E-005	...........	-327.63
	136	34.25	3.01764E-002	2.64436E-002	3.20098E-005	.........v.	-327.63
	137	34.5	5.50574E-002	8.15760E-002	6.60764E-005	...........	-327.63
	138	34.75	6.87683E-002	-8.54734E-003	6.82764E-005	...........	-327.63
	139	35	6.46162E-002	-1.34811E-004	1.72764E-005	.........v.	-327.63
	140	35.25	4.68366E-002	-6.67354E-003	6.37431E-005	.........v.	-327.63
	141	35.5	2.67325E-002	9.11488E-002	6.51431E-005	...........	-327.63
	142	35.75	1.70707E-002	-9.09901E-003	6.82764E-005	...........	-327.63
	143	36	1.88600E-002	-7.95757E-003	6.88764E-005	...........	-327.63
	144	36.25	2.00763E-002	-8.07225E-003	4.98097E-005	.........v.	-327.63
	145	36.5	1.47512E-002	6.18686E-002	4.38764E-005	.........v.	-327.63
	146	36.75	1.54760E-002	2.62605E-001	7.28764E-005	...........	-327.63
	147	37	3.86195E-002	1.39722E-002	6.46764E-005	...........	-327.63
	148	37.25	7.31608E-002	-3.65802E-002	2.52098E-005	.........v.	-327.63
	149	37.5	8.81486E-002	1.91992E-001	6.21431E-005	...........	-327.63
	150	37.75	8.33633E-002	1.56476E-001	3.44764E-005	.........v.	-327.63
	151	38	8.55746E-002	1.08104E-002	6.52097E-005	...........	-327.63
	152	38.25	9.42628E-002	-3.66997E-003	3.79431E-005	.........v.	-327.63
	153	38.5	8.66226E-002	3.71340E-002	5.92097E-005	...........	-327.63
	154	38.75	6.14134E-002	7.68704E-003	3.31431E-005	.........v.	-327.63
	155	39	3.86352E-002	1.25862E-001	6.40097E-005	...........	-327.63
	156	39.25	3.28597E-002	1.90701E-002	3.82764E-005	.........v.	-327.63
	157	39.5	4.12161E-002	5.82377E-002	6.63431E-005	...........	-327.63
	158	39.75	4.94401E-002	-7.08907E-003	3.62097E-005	.........v.	-327.63
	159	40	4.77047E-002	3.72827E-002	6.48764E-005	...........	-327.63
	160	40.25	3.76347E-002	-1.98967E-002	4.03431E-005	.........v.	-327.63
	161	40.5	2.61393E-002	6.54047E-002	6.45431E-005	...........	-327.63
	162	40.75	1.94555E-002	3.91992E-003	3.68764E-005	.........v.	-327.63
	163	41	2.38608E-002	2.68489E-001	6.89431E-005	...........	-327.63
	164	41.25	4.62646E-002	5.93169E-002	6.84097E-005	...........	-327.63
	165	41.5	8.05951E-002	6.72240E-002	1.32764E-005	.........v.	-327.63
	166	41.75	1.02036E-001	-8.97760E-003	6.42098E-005	...........	-327.63
	167	42	9.32172E-002	-7.86750E-003	6.72098E-005	...........	-327.63
	168	42.25	6.21994E-002	-1.02498E-002	6.33431E-005	.........v.	-327.63
	169	42.5	2.83324E-002	-8.38060E-003	6.87431E-005	...........	-327.63
	170	42.75	4.66779E-003	-8.96959E-003	6.30764E-005	.........v.	-327.63
	171	43	-6.71150E-003	-8.47319E-003	6.41431E-005	...........	-327.63
	172	43.25	-1.00771E-002	-8.62546E-003	6.90097E-005	...........	-327.63
	173	43.5	-1.00690E-002	-8.57694E-003	7.12764E-005	...........	-327.63
	174	43.75	-9.34514E-003	-8.66968E-003	6.54098E-005	...........	-327.63
	175	44	-8.83610E-003	-8.65639E-003	7.10098E-005	...........	-327.63
	176	44.25	-8.63574E-003	-8.70175E-003	6.59431E-005	...........	-327.63
	177	44.5	-8.60885E-003	-8.68478E-003	6.85431E-005	...........	-327.63
	178	44.75	-8.63891E-003	-8.73190E-003	6.92098E-005	...........	-327.63
	179	45	-8.67266E-003	-8.71981E-003	7.00764E-005	...........	-327.63
	180	45.25	-8.69771E-003	-8.75813E-003	6.68097E-005	...........	-327.63
	181	45.5	-8.71609E-003	-8.74832E-003	6.74764E-005	...........	-327.63
	182	45.75	-8.73133E-003	-8.78735E-003	7.10764E-005	...........	-327.63
	183	46	-8.74561E-003	-8.78018E-003	7.03431E-005	...........	-327.63
	184	46.25	-8.76041E-003	-8.83827E-003	7.01431E-005	...........	-327.63
	185	46.5	-8.77752E-003	-8.84321E-003	6.92764E-005	...........	-327.63
	186	46.75	-8.79859E-003	-8.88990E-003	6.76764E-005	...........	-327.63
	187	47	-8.82302E-003	-8.87714E-003	7.02098E-005	...........	-327.63
	188	47.25	-8.85309E-003	-9.19730E-003	6.96097E-005	...........	-327.63
	189	47.5	-8.89739E-003	-8.90407E-003	7.05431E-005	...........	-327.63
	190	47.75	-8.94898E-003	-8.92074E-003	7.11431E-005	...........	-327.63
	191	48	-8.97774E-003	-8.89601E-003	7.77431E-005	...........	-327.63
	192	48.25	-8.94349E-003	-7.54707E-003	6.29431E-005	.........v.	-327.63
	193	48.5	-8.81040E-003	-9.04579E-003	6.88764E-005	...........	-327.63
	194	48.75	-8.63477E-003	-8.96189E-003	7.40098E-005	...........	-327.63
	195	49	-8.56684E-003	-8.93078E-003	7.32764E-005	...........	-327.63
	196	49.25	-8.65554E-003	-8.98394E-003	6.86098E-005	...........	-327.63
	197	49.5	-8.79983E-003	-8.96435E-003	6.96097E-005	...........	-327.63
	198	49.75	-8.90738E-003	-9.01944E-003	7.42097E-005	...........	-327.63
	199	50	-8.96393E-003	-9.01428E-003	7.53431E-005	...........	-327.63
	200	50.25	-8.99081E-003	-9.04835E-003	7.60098E-005	...........	-327.63
	201	50.5	-9.00767E-003	-9.04871E-003	7.42764E-005	...........	-327.63
	202	50.75	-9.02372E-003	-9.11456E-003	7.08098E-005	...........	-327.63
	203	51	-9.04270E-003	-9.10256E-003	6.64098E-005	...........	-327.63
	204	51.25	-9.06563E-003	-9.15875E-003	6.69431E-005	...........	-327.63
	205	51.5	-9.09094E-003	-9.15508E-003	6.94764E-005	...........	-327.63
	206	51.75	-9.11652E-003	-9.20136E-003	6.84764E-005	...........	-327.63
	207	52	-9.14098E-003	-9.18337E-003	6.99431E-005	...........	-327.63
	208	52.25	-9.16264E-003	-9.20956E-003	6.23431E-005	...........	-327.63
	209	52.5	-9.17938E-003	-9.18415E-003	6.89431E-005	...........	-327.63
	210	52.75	-9.18994E-003	-9.20552E-003	6.28098E-005	...........	-327.63
	211	53	-9.19490E-003	-9.18568E-003	6.50097E-005	...........	-327.63
	212	53.25	-9.19633E-003	-9.20817E-003	6.58764E-005	...........	-327.63
	213	53.5	-9.19642E-003	-9.18410E-003	6.79431E-005	...........	-327.63
	214	53.75	-9.19625E-003	-9.20367E-003	6.58097E-005	...........	-327.63
	215	54	-9.19583E-003	-9.18351E-003	6.91431E-005	...........	-327.63
	216	54.25	-9.19519E-003	-9.20868E-003	6.05431E-005	...........	-327.63
	217	54.5	-9.19505E-003	-9.19479E-003	6.77431E-005	...........	-327.63
	218	54.75	-9.19643E-003	-9.22266E-003	6.67431E-005	...........	-327.63
	219	55	-9.19986E-003	-9.20884E-003	7.02098E-005	...........	-327.63
	220	55.25	-9.20512E-003	-9.23568E-003	6.54098E-005	...........	-327.63
	221	55.5	-9.21143E-003	-9.22035E-003	7.04764E-005	...........	-327.63
	222	55.75	-9.21803E-003	-9.24914E-003	6.71431E-005	...........	-327.63
	223	56	-9.22478E-003	-9.24461E-003	7.08764E-005	...........	-327.63
	224	56.25	-9.23239E-003	-9.27456E-003	6.69431E-005	...........	-327.63
	225	56.5	-9.24161E-003	-9.26724E-003	7.18764E-005	...........	-327.63
	226	56.75	-9.25233E-003	-9.29632E-003	7.09431E-005	...........	-327.63
	227	57	-9.26373E-003	-9.28935E-003	7.28764E-005	...........	-327.63
	228	57.25	-9.27512E-003	-9.31599E-003	7.30098E-005	...........	-327.63
	229	57.5	-9.28604E-003	-9.30435E-003	7.02098E-005	...........	-327.63
	230	57.75	-9.29611E-003	-9.33132E-003	6.96097E-005	...........	-327.63
	231	58	-9.30534E-003	-9.32912E-003	6.85431E-005	...........	-327.63
	232	58.25	-9.31473E-003	-9.36764E-003	6.65431E-005	...........	-327.63
	233	58.5	-9.32603E-003	-9.37101E-003	7.22098E-005	...........	-327.63
	234	58.75	-9.34014E-003	-9.38809E-003	6.85431E-005	...........	-327.63
	235	59	-9.35641E-003	-9.42922E-003	7.46097E-005	...........	-327.63
	236	59.25	-9.37494E-003	-9.45254E-003	6.73431E-005	...........	-327.63
	237	59.5	-9.39673E-003	-9.46390E-003	7.57431E-005	...........	-327.63
	238	59.75	-9.42094E-003	-9.50263E-003	6.96097E-005	...........	-327.63
	239	60	-9.44553E-003	-9.51320E-003	7.44097E-005	...........	-327.63
	240	60.25	-9.46954E-003	-9.53903E-003	7.05431E-005	...........	-327.63
	241	60.5	-9.49228E-003	-9.53938E-003	7.10098E-005	...........	-327.63
	242	60.75	-9.51269E-003	-9.57106E-003	6.09431E-005	...........	-327.63
	243	61	-9.53066E-003	-9.57883E-003	6.76764E-005	...........	-327.63
	244	61.25	-9.54745E-003	-9.60257E-003	6.80764E-005	...........	-327.63
	245	61.5	-9.56428E-003	-9.61766E-003	6.90764E-005	...........	-327.63
	246	61.75	-9.58176E-003	-9.64814E-003	6.79431E-005	...........	-327.63
	247	62	-9.60024E-003	-9.64908E-003	7.38098E-005	...........	-327.63
	248	62.25	-9.61891E-003	-9.66408E-003	6.98764E-005	...........	-327.63
	249	62.5	-9.63574E-003	-9.66514E-003	7.20764E-005	...........	-327.63
	250	62.75	-9.64921E-003	-9.67898E-003	6.90097E-005	...........	-327.63
	251	63	-9.65950E-003	-9.67806E-003	7.36764E-005	...........	-327.63
	252	63.25	-9.66770E-003	-9.69188E-003	6.44097E-005	...........	-327.63
	253	63.5	-9.67486E-003	-9.69553E-003	7.19431E-005	...........	-327.63
	254	63.75	-9.68179E-003	-9.70371E-003	6.64098E-005	...........	-327.63
	255	64	-9.68844E-003	-9.69106E-003	6.92764E-005	...........	-327.63
	256	64.25	-9.69324E-003	-9.68068E-003	6.64098E-005	...........	-327.63
	257	64.5	-9.69380E-003	-9.66256E-003	6.99431E-005	...........	-327.63
	258	64.75	-9.68908E-003	-9.66808E-003	6.82764E-005	...........	-327.63
	259	65	-9.68100E-003	-9.66283E-003	6.58097E-005	...........	-327.63
	260	65.25	-9.67330E-003	-9.67410E-003	6.78764E-005	...........	-327.63
	261	65.5	-9.66899E-003	-9.67960E-003	6.68764E-005	...........	-327.63
	262	65.75	-9.66922E-003	-9.69221E-003	7.06764E-005	...........	-327.63
	263	66	-9.67358E-003	-9.69828E-003	7.06764E-005	...........	-327.63
	264	66.25	-9.68085E-003	-9.71194E-003	6.85431E-005	...........	-327.63
	265	66.5	-9.68979E-003	-9.72143E-003	7.29431E-005	...........	-327.63
	266	66.75	-9.69978E-003	-9.73779E-003	6.28764E-005	...........	-327.63
	267	67	-9.71089E-003	-9.75591E-003	7.21431E-005	...........	-327.63
	268	67.25	-9.72381E-003	-9.78402E-003	6.87431E-005	...........	-327.63
	269	67.5	-9.73980E-003	-9.81548E-003	7.25431E-005	...........	-327.63
	270	67.75	-9.76005E-003	-9.84463E-003	6.62097E-005	...........	-327.63
	271	68	-9.78471E-003	-9.87511E-003	7.21431E-005	...........	-327.63
	272	68.25	-9.81245E-003	-9.89645E-003	6.94098E-005	...........	-327.63
	273	68.5	-9.84106E-003	-9.92008E-003	7.18097E-005	...........	-327.63
	274	68.75	-9.86835E-003	-9.93202E-003	6.83431E-005	...........	-327.63
	275	69	-9.89262E-003	-9.94381E-003	7.41431E-005	...........	-327.63
	276	69.25	-9.91250E-003	-9.93416E-003	7.04764E-005	...........	-327.63
	277	69.5	-9.92606E-003	-9.90966E-003	6.72098E-005	...........	-327.63
	278	69.75	-9.93256E-003	-9.98637E-003	6.48764E-005	...........	-327.63
	279	70	-9.93629E-003	-9.95016E-003	6.77431E-005	...........	-327.63
	280	70.25	-9.94253E-003	-9.95503E-003	6.65431E-005	...........	-327.63
	281	70.5	-9.94956E-003	-9.93270E-003	6.98097E-005	...........	-327.63
	282	70.75	-9.95237E-003	-9.95500E-003	6.42098E-005	...........	-327.63
	283	71	-9.95074E-003	-9.94302E-003	7.02764E-005	...........	-327.63
	284	71.25	-9.94859E-003	-9.96818E-003	6.89431E-005	...........	-327.63
	285	71.5	-9.94907E-003	-9.95914E-003	7.00764E-005	...........	-327.63
	286	71.75	-9.95299E-003	-9.98882E-003	6.82098E-005	...........	-327.63
	287	72	-9.95979E-003	-9.98241E-003	6.89431E-005	...........	-327.63
	288	72.25	-9.96864E-003	-1.00065E-002	6.56764E-005	...........	-327.63
	289	72.5	-9.97885E-003	-1.00178E-002	6.97431E-005	...........	-327.63
	290	72.75	-9.99057E-003	-1.00443E-002	7.06764E-005	...........	-327.63
	291	73	-1.00045E-002	-1.00513E-002	6.87431E-005	...........	-327.63
	292	73.25	-1.00204E-002	-1.00782E-002	6.72764E-005	...........	-327.63
	293	73.5	-1.00374E-002	-1.00852E-002	7.08098E-005	...........	-327.63
	294	73.75	-1.00544E-002	-1.00970E-002	6.64764E-005	...........	-327.63
	295	74	-1.00702E-002	-1.01111E-002	6.98097E-005	...........	-327.63
	296	74.25	-1.00845E-002	-1.01343E-002	7.02098E-005	...........	-327.63
	297	74.5	-1.00986E-002	-1.01442E-002	6.84097E-005	...........	-327.63
	298	74.75	-1.01135E-002	-1.01667E-002	6.23431E-005	...........	-327.63
	299	75	-1.01297E-002	-1.01913E-002	7.09431E-005	...........	-327.63
	300	75.25	-1.01473E-002	-1.02019E-002	6.65431E-005	...........	-327.63
	301	75.5	-1.01660E-002	-1.02230E-002	7.21431E-005	...........	-327.63
	302	75.75	-1.01846E-002	-1.02329E-002	6.99431E-005	...........	-327.63
	303	76	-1.02023E-002	-1.02559E-002	7.08764E-005	...........	-327.63
	304	76.25	-1.02188E-002	-1.02562E-002	6.98764E-005	...........	-327.63
	305	76.5	-1.02341E-002	-1.02744E-002	6.98097E-005	...........	-327.63
	306	76.75	-1.02474E-002	-1.02670E-002	6.84764E-005	...........	-327.63
	307	77	-1.02582E-002	-1.02882E-002	6.83431E-005	...........	-327.63
	308	77.25	-1.02668E-002	-1.02829E-002	7.02098E-005	...........	-327.63
	309	77.5	-1.02741E-002	-1.02966E-002	7.00098E-005	...........	-327.63
	310	77.75	-1.02805E-002	-1.02841E-002	7.01431E-005	...........	-327.63
	311	78	-1.02855E-002	-1.02941E-002	7.30098E-005	...........	-327.63
	312	78.25	-1.02885E-002	-1.02874E-002	6.86098E-005	...........	-327.63
	313	78.5	-1.02902E-002	-1.03145E-002	6.71431E-005	...........	-327.63
	314	78.75	-1.02929E-002	-1.03131E-002	6.72764E-005	...........	-327.63
	315	79	-1.02985E-002	-1.03365E-002	6.80764E-005	...........	-327.63
	316	79.25	-1.03072E-002	-1.03348E-002	7.16764E-005	...........	-327.63
	317	79.5	-1.03180E-002	-1.03697E-002	6.85431E-005	...........	-327.63
	318	79.75	-1.03304E-002	-1.03726E-002	6.94098E-005	...........	-327.63
	319	80	-1.03447E-002	-1.04085E-002	7.58097E-005	...........	-327.63
	320	80.25	-1.03610E-002	-1.03984E-002	6.57431E-005	...........	-327.63
	321	80.5	-1.03777E-002	-1.04201E-002	6.67431E-005	...........	-327.63
	322	80.75	-1.03924E-002	-1.04184E-002	6.54098E-005	...........	-327.63
	323	81	-1.04049E-002	-1.04682E-002	6.61431E-005	...........	-327.63
	324	81.25	-1.04182E-002	-1.04888E-002	6.72098E-005	...........	-327.63
	325	81.5	-1.04364E-002	-1.05210E-002	6.71431E-005	...........	-327.63
	326	81.75	-1.04595E-002	-1.05053E-002	6.76764E-005	...........	-327.63
	327	82	-1.04825E-002	-1.05129E-002	6.76097E-005	...........	-327.63
	328	82.25	-1.04989E-002	-1.04934E-002	7.06097E-005	...........	-327.63
	329	82.5	-1.05061E-002	-1.04926E-002	6.67431E-005	...........	-327.63
	330	82.75	-1.05043E-002	-1.04372E-002	6.67431E-005	...........	-327.63
	331	83	-1.04943E-002	-1.04389E-002	6.29431E-005	...........	-327.63
	332	83.25	-1.04777E-002	-1.04384E-002	6.58097E-005	...........	-327.63
	333	83.5	-1.04607E-002	-1.04774E-002	6.67431E-005	...........	-327.63
	334	83.75	-1.04517E-002	-1.04848E-002	6.58097E-005	...........	-327.63
	335	84	-1.04550E-002	-1.05203E-002	6.86764E-005	...........	-327.63
	336	84.25	-1.04688E-002	-1.05247E-002	7.32097E-005	...........	-327.63
	337	84.5	-1.04882E-002	-1.05574E-002	6.87431E-005	...........	-327.63
	338	84.75	-1.05089E-002	-1.05526E-002	6.16097E-005	...........	-327.63
	339	85	-1.05280E-002	-1.05724E-002	7.07431E-005	...........	-327.63
	340	85.25	-1.05438E-002	-1.05613E-002	6.60098E-005	...........	-327.63
	341	85.5	-1.05552E-002	-1.05692E-002	6.90764E-005	...........	-327.63
	342	85.75	-1.05619E-002	-1.05545E-002	6.97431E-005	...........	-327.63
	343	86	-1.05642E-002	-1.05625E-002	7.09431E-005	...........	-327.63
	344	86.25	-1.05635E-002	-1.05547E-002	6.68097E-005	...........	-327.63
	345	86.5	-1.05615E-002	-1.05600E-002	6.85431E-005	...........	-327.63
	346	86.75	-1.05599E-002	-1.05714E-002	6.63431E-005	...........	-327.63
	347	87	-1.05603E-002	-1.05804E-002	6.51431E-005	...........	-327.63
	348	87.25	-1.05642E-002	-1.06007E-002	6.19431E-005	...........	-327.63
	349	87.5	-1.05721E-002	-1.06157E-002	6.58764E-005	...........	-327.63
	350	87.75	-1.05840E-002	-1.06404E-002	6.94764E-005	...........	-327.63
	351	88	-1.05993E-002	-1.06590E-002	6.66764E-005	...........	-327.63
	352	88.25	-1.06177E-002	-1.06959E-002	6.72098E-005	...........	-327.63
	353	88.5	-1.06392E-002	-1.07242E-002	6.69431E-005	...........	-327.63
	354	88.75	-1.06646E-002	-1.07796E-002	7.03431E-005	...........	-327.63
	355	89	-1.06951E-002	-1.08149E-002	7.09431E-005	...........	-327.63
	356	89.25	-1.07314E-002	-1.08804E-002	6.79431E-005	...........	-327.63
	357	89.5	-1.07735E-002	-1.09226E-002	7.00764E-005	...........	-327.63
	358	89.75	-1.08205E-002	-1.09870E-002	6.65431E-005	...........	-327.63
	359	90	-1.08710E-002	-1.10250E-002	7.20098E-005	...........	-327.63
	360	90.25	-1.09231E-002	-1.10902E-002	6.86764E-005	...........	-327.63
	361	90.5	-1.09754E-002	-1.11196E-002	6.78097E-005	...........	-327.63
	362	90.75	-1.10262E-002	-1.11628E-002	6.82098E-005	...........	-327.63
	363	91	-1.10730E-002	-1.11545E-002	7.05431E-005	...........	-327.63
	364	91.25	-1.11122E-002	-1.11893E-002	6.64764E-005	...........	-327.63
	365	91.5	-1.11422E-002	-1.12086E-002	6.86764E-005	...........	-327.63
	366	91.75	-1.11660E-002	-1.12517E-002	6.84764E-005	...........	-327.63
	367	92	-1.11884E-002	-1.12389E-002	6.95431E-005	...........	-327.63
	368	92.25	-1.12110E-002	-1.12780E-002	6.92098E-005	...........	-327.63
	369	92.5	-1.12326E-002	-1.13156E-002	7.40098E-005	...........	-327.63
	370	92.75	-1.12561E-002	-1.14067E-002	7.66098E-005	...........	-327.63
	371	93	-1.12885E-002	-1.14579E-002	6.92764E-005	...........	-327.63
	372	93.25	-1.13348E-002	-1.15515E-002	7.12764E-005	...........	-327.63
	373	93.5	-1.13944E-002	-1.16071E-002	7.82764E-005	...........	-327.63
	374	93.75	-1.14628E-002	-1.16999E-002	7.14764E-005	...........	-327.63
	375	94	-1.15353E-002	-1.17424E-002	7.09431E-005	...........	-327.63
	376	94.25	-1.16079E-002	-1.18098E-002	7.10764E-005	...........	-327.63
	377	94.5	-1.16762E-002	-1.18218E-002	7.44097E-005	...........	-327.63
	378	94.75	-1.17362E-002	-1.18654E-002	7.22764E-005	...........	-327.63
	379	95	-1.17848E-002	-1.18585E-002	7.64097E-005	...........	-327.63
	380	95.25	-1.18213E-002	-1.18862E-002	7.34097E-005	...........	-327.63
	381	95.5	-1.18470E-002	-1.18783E-002	7.09431E-005	...........	-327.63
	382	95.75	-1.18650E-002	-1.19362E-002	6.98097E-005	...........	-327.63
	383	96	-1.18813E-002	-1.19717E-002	7.18764E-005	...........	-327.63
	384	96.25	-1.19036E-002	-1.20549E-002	7.44097E-005	...........	-327.63
	385	96.5	-1.19372E-002	-1.20775E-002	7.22764E-005	...........	-327.63
	386	96.75	-1.19817E-002	-1.21455E-002	6.98097E-005	...........	-327.63
	387	97	-1.20319E-002	-1.21845E-002	7.16097E-005	...........	-327.63
	388	97.25	-1.20837E-002	-1.22604E-002	6.54764E-005	...........	-327.63
	389	97.5	-1.21364E-002	-1.22958E-002	6.92764E-005	...........	-327.63
	390	97.75	-1.21904E-002	-1.23684E-002	6.98097E-005	...........	-327.63
	391	98	-1.22451E-002	-1.23939E-002	6.84097E-005	...........	-327.63
	392	98.25	-1.22986E-002	-1.24471E-002	6.74764E-005	...........	-327.63
	393	98.5	-1.23484E-002	-1.24487E-002	6.84764E-005	...........	-327.63
	394	98.75	-1.23915E-002	-1.24838E-002	7.02098E-005	...........	-327.63
	395	99	-1.24258E-002	-1.24687E-002	6.92098E-005	...........	-327.63
	396	99.25	-1.24505E-002	-1.24844E-002	7.12764E-005	...........	-327.63
	397	99.5	-1.24654E-002	-1.24358E-002	6.98764E-005	...........	-327.63
	398	99.75	-1.24695E-002	-1.24280E-002	6.78764E-005	...........	-327.63
	399	100	-1.24619E-002	-1.23669E-002	7.26097E-005	...........	-327.63
EOC	QUANT	-0.0124619	Open Circuit (V)
PSTATMODEL	IQUANT	5	Pstat Model
PSTATSECTION	LABEL	REF3000-20110	Pstat Section
PSTATSERIALNO	LABEL	20110	Pstat Serial Number
CTRLMODE	IQUANT	0	Control Mode
ELECTROMETER	IQUANT	0	RE=0 or CS=1
IESTAB	IQUANT	0	I/E Stability
CASPEED	IQUANT	4	Control Amp Speed
CONVENTION	IQUANT	1	Current Convention
ICHRANGE	IQUANT	2	Ich Range
ICHRANGEMODE	TOGGLE	F	Ich Auto Range
ICHOFFSETENABLE	TOGGLE	T	Ich Offset Enable
ICHOFFSET	QUANT	0	Ich Offset (V)
ICHFILTER	IQUANT	3	Ich Filter
VCHRANGE	IQUANT	2	Vch Range
VCHRANGEMODE	TOGGLE	F	Vch Auto Range
VCHOFFSETENABLE	TOGGLE	T	Vch Offset Enable
VCHOFFSET	QUANT	0	Vch Offset (V)
VCHFILTER	IQUANT	3	Vch Filter
ACHRANGE	IQUANT	2	Ach Range
ACHOFFSETENABLE	TOGGLE	F	Ach Offset Enable
ACHOFFSET	QUANT	0	Ach Offset (V)
ACHFILTER	IQUANT	1	Ach Filter
IERANGELOWERLIMIT	IQUANT	2	I/E Range Lower Limit
IERANGEMODE	TOGGLE	F	I/E AutoRange
IERANGE	IQUANT	11	I/E Range
POSFEEDENABLE	TOGGLE	F	Positive Feedback IR Comp
POSFEEDRESISTANCE	QUANT	0	Positive Feedback Resistance (ohm)
ACHSELECT	IQUANT	4	Ach Select
SENSECABLEID	IQUANT	14	Sense Cable ID
PWRCABLEID	IQUANT	7	Power Cable ID
DCCALDATE	LABEL	8/9/2022	DC Calibration Date
ACCALDATE	LABEL	8/9/2022	AC Calibration Date
THERMOSELECT	IQUANT	1	Thermo Select
FRAMEWORKVERSION	LABEL	7.9.0	Framework Version
INSTRUMENTVERSION	LABEL	4.60	Instrument Version
COMPLIANCEVOLTAGE	IQUANT	0	Compliance Voltage
ZCURVE	TABLE
	Pt	Time	Freq	Zreal	Zimag	Zsig	Zmod	Zphz	Idc	Vdc	IERange
	#	s	Hz	ohm	ohm	V	ohm	°	A	V	#
	0	6	1000078	1470.923	-288.9215	1	1499.03	-11.11267	1.683945E-007	0.0447677	9
	1	8	630984.4	1611.249	-400.3496	1	1660.242	-13.9538	-5.827968E-007	-0.1652794	9
	2	9	398109.4	1811.281	-519.723	1	1884.37	-16.01013	5.217712E-006	-0.1348713	8
	3	10	251203.1	2011.252	-541.7101	1	2082.927	-15.07431	1.739371E-006	-0.10063	8
	4	12	158578.1	2218.53	-510.2229	1	2276.445	-12.95181	-2.42603E-006	-0.0838902	8
	5	13	100078.1	2390.983	-426.2116	1	2428.674	-10.10726	-1.008982E-006	-0.0830249	8
	6	14	63140.62	2505.97	-338.7643	1	2528.764	-7.698739	5.437989E-007	-0.0806392	8
	7	16	39890.62	2585.402	-258.9777	1	2598.341	-5.720191	-1.23705E-006	-0.0773569	8
	8	17	25171.88	2633.189	-198.2136	1	2640.639	-4.304828	-1.047035E-006	-0.0785914	8
	9	19	15890.62	2664.62	-158.626	1	2669.337	-3.406823	-1.486827E-006	-0.0770818	8
	10	20	10078.13	2687.589	-132.887	1	2690.872	-2.830667	-1.482889E-006	-0.0776004	8
	11	21	6328.125	2707.182	-120.976	1	2709.884	-2.558677	3.414789E-007	-0.0792396	8
	12	23	3984.375	2727.27	-121.6182	1	2729.98	-2.553322	-1.045331E-006	-0.0784489	8
	13	24	2527.573	2749.834	-134.1888	1	2753.106	-2.793753	-4.078582E-007	-0.0774314	8
	14	25	1577.524	2776.698	-159.6522	1	2781.284	-3.29072	-1.144331E-006	-0.0788319	8
	15	27	998.264	2808.87	-198.8882	1	2815.902	-4.050194	-1.407286E-006	-0.0801551	8
	16	28	627.7902	2847.754	-255.4414	1	2859.187	-5.125671	3.413583E-007	-0.0823347	8
	17	29	397.9953	2897.848	-334.6177	1	2917.104	-6.586834	-3.704984E-007	-0.0830046	8
	18	31	252.4038	2958.292	-445.3877	1	2991.632	-8.5619	-3.676547E-007	-0.0767973	8
	19	32	158.3615	3040.864	-598.3474	1	3099.173	-11.13181	-3.658655E-007	-0.0758797	8
	20	34	100.4464	3151.302	-785.3157	1	3247.68	-13.99329	-3.617901E-007	-0.0778696	8
	21	35	63.3446	3291.531	-1012.07	1	3443.612	-17.09145	-3.575103E-007	-0.0591269	8
	22	36	38.42213	3496.568	-1253.873	1	3714.591	-19.72789	-3.683991E-007	-0.0681669	8
	23	38	24.93351	3661.467	-1456.89	1	3940.669	-21.6975	-3.625983E-007	-0.0084348	8
	24	39	15.625	3913.955	-1691.189	1	4263.703	-23.3688	-3.658227E-007	-0.0055835	8
	25	40	9.93114	4126.163	-1792.547	1	4498.715	-23.48178	-3.821051E-007	-0.0548096	8
	26	42	6.317385	4367.264	-2057.794	1	4827.786	-25.22916	-4.201654E-007	-0.0530658	8
	27	44	3.945707	4599.532	-2274.693	1	5131.269	-26.31464	-3.669885E-007	-0.0086881	8
	28	47	2.504006	4994.378	-2591.365	1	5626.632	-27.42283	-3.551436E-007	-0.0448969	8
	29	49	1.584686	5352.74	-2979.8	1	6126.257	-29.10411	-1.806102E-007	-0.0306176	8
	30	55	0.999041	5844.648	-3338.566	1	6730.968	-29.73577	-3.226605E-007	0.0796438	8
	31	60	0.6334459	6491.733	-3935.311	1	7591.394	-31.22439	-3.175721E-007	0.0428481	8
	32	69	0.400641	6949.66	-4066.921	1	8052.181	-30.33605	-3.202263E-007	0.0493692	8
	33	82	0.2520161	7198.421	-3984.101	1	8227.413	-28.96316	-3.210364E-007	0.0672107	8
	34	103	0.1588983	7259.981	-3916.371	1	8248.957	-28.34448	-3.225919E-007	0.0738584	8
	35	135	0.1001603	6996.161	-3658.154	1	7894.831	-27.60418	-3.186842E-007	0.068761	8
