EXPLAIN
TAG	GALVEIS
TITLE	LABEL	Galvanostatic EIS	Test &Identifier
DATE	LABEL	19-12-2022	Date
TIME	LABEL	12:53:27	Time
NOTES	NOTES	1	&Notes...
	
PSTAT	PSTAT	REF3000-20110	Potentiostat
IDCREQ	QUANT	0.00000E+000	DC &Current (A)
FREQINIT	QUANT	1.00000E+006	Initial Fre&q. (Hz)
FREQFINAL	QUANT	1.00000E-001	Final Fre&q. (Hz)
PTSPERDEC	QUANT	5.00000E+000	Points/&decade
IACREQ	QUANT	1.00000E-004	AC &Current (A rms)
AREA	QUANT	1.00000E+000	&Area (cm^2)
CONDIT	TWOPARAM	F	1.50000E+001	0.00000E+000	Conditionin&g	Time(s)	E(V)
DELAY	TWOPARAM	T	1.00000E+002	0.00000E+000	Init. De&lay	Time(s)	Stab.(mV/s)
SPEED	SELECTOR	1	&Optimize for:
THD	SELECTOR	0	T&HD
DRIFTCOR	SELECTOR	0	&Drift Correction
ZGUESS	QUANT	5.00000E+002	E&stimated Z (ohms)
OCVCURVE	TABLE	400
	Pt	T	Vf	Vm	Ach	Over	Temp
	#	s	V vs. Ref.	V	V	bits	deg C
	0	0.25	-8.21733E-001	-8.21733E-001	3.36610E-004	...........	-327.63
	1	0.5	-8.21161E-001	-7.91748E-001	2.41610E-004	...........	-327.63
	2	0.75	-8.18235E-001	-7.94315E-001	3.36276E-004	...........	-327.63
	3	1	-8.12099E-001	-8.05811E-001	2.41410E-004	...........	-327.63
	4	1.25	-8.05985E-001	-8.32557E-001	3.38743E-004	...........	-327.63
	5	1.5	-8.05012E-001	-8.23665E-001	2.46543E-004	...........	-327.63
	6	1.75	-8.09748E-001	-8.03230E-001	3.39543E-004	...........	-327.63
	7	2	-8.15128E-001	-8.22268E-001	2.38876E-004	...........	-327.63
	8	2.25	-8.17155E-001	-8.11873E-001	3.41010E-004	...........	-327.63
	9	2.5	-8.16355E-001	-8.00360E-001	2.41743E-004	...........	-327.63
	10	2.75	-8.14365E-001	-8.23658E-001	3.34876E-004	...........	-327.63
	11	3	-8.13669E-001	-8.69879E-001	2.46676E-004	...........	-327.63
	12	3.25	-8.18745E-001	-8.52520E-001	3.33476E-004	...........	-327.63
	13	3.5	-8.30455E-001	-8.52779E-001	2.36143E-004	...........	-327.63
	14	3.75	-8.42863E-001	-8.44060E-001	3.36610E-004	...........	-327.63
	15	4	-8.49620E-001	-8.32450E-001	2.42743E-004	...........	-327.63
	16	4.25	-8.48297E-001	-7.78111E-001	3.41010E-004	...........	-327.63
	17	4.5	-8.38545E-001	-8.01226E-001	2.35876E-004	...........	-327.63
	18	4.75	-8.23087E-001	-7.95869E-001	3.40743E-004	...........	-327.63
	19	5	-8.08282E-001	-7.84049E-001	2.41076E-004	...........	-327.63
	20	5.25	-7.98529E-001	-7.99124E-001	3.34810E-004	...........	-327.63
	21	5.5	-7.93900E-001	-8.00487E-001	2.35410E-004	...........	-327.63
	22	5.75	-7.92967E-001	-7.83305E-001	3.44276E-004	...........	-327.63
	23	6	-7.93267E-001	-7.84480E-001	2.39743E-004	...........	-327.63
	24	6.25	-7.91499E-001	-7.50839E-001	3.41676E-004	...........	-327.63
	25	6.5	-7.84947E-001	-7.26733E-001	2.45943E-004	...........	-327.63
	26	6.75	-7.72376E-001	-7.24113E-001	3.40676E-004	...........	-327.63
	27	7	-7.56241E-001	-7.45323E-001	2.39476E-004	...........	-327.63
	28	7.25	-7.42850E-001	-7.41245E-001	3.30543E-004	...........	-327.63
	29	7.5	-7.37184E-001	-7.61405E-001	2.36743E-004	...........	-327.63
	30	7.75	-7.38098E-001	-7.01771E-001	3.40210E-004	...........	-327.63
	31	8	-7.38350E-001	-6.82530E-001	2.37676E-004	...........	-327.63
	32	8.25	-7.36754E-001	-1.00989E+000	3.38610E-004	...........	-327.63
	33	8.5	-7.51578E-001	-9.03482E-001	2.40476E-004	...........	-327.63
	34	8.75	-7.95319E-001	-8.09654E-001	3.41143E-004	...........	-327.63
	35	9	-8.40764E-001	-7.03921E-001	2.33743E-004	...........	-327.63
	36	9.25	-8.47357E-001	-6.53555E-001	3.36876E-004	...........	-327.63
	37	9.5	-8.07252E-001	-6.25956E-001	2.35010E-004	...........	-327.63
	38	9.75	-7.44039E-001	-6.03682E-001	3.36010E-004	...........	-327.63
	39	10	-6.84187E-001	-5.97552E-001	2.40476E-004	...........	-327.63
	40	10.25	-6.40417E-001	-5.79061E-001	3.32876E-004	...........	-327.63
	41	10.5	-6.12809E-001	-5.86997E-001	2.38876E-004	...........	-327.63
	42	10.75	-5.96276E-001	-5.56500E-001	3.45410E-004	...........	-327.63
	43	11	-5.85561E-001	-5.75027E-001	2.46076E-004	...........	-327.63
	44	11.25	-5.77181E-001	-5.41134E-001	3.41010E-004	...........	-327.63
	45	11.5	-5.69882E-001	-5.75693E-001	2.43010E-004	...........	-327.63
	46	11.75	-5.64025E-001	-5.39923E-001	3.44143E-004	...........	-327.63
	47	12	-5.60230E-001	-5.75435E-001	2.44876E-004	...........	-327.63
	48	12.25	-5.58255E-001	-5.34843E-001	3.45276E-004	...........	-327.63
	49	12.5	-5.57143E-001	-5.73925E-001	2.43410E-004	...........	-327.63
	50	12.75	-5.56015E-001	-5.26172E-001	3.41076E-004	...........	-327.63
	51	13	-5.54388E-001	-5.70681E-001	2.44276E-004	...........	-327.63
	52	13.25	-5.51909E-001	-5.04685E-001	3.37076E-004	...........	-327.63
	53	13.5	-5.47975E-001	-5.55916E-001	2.37210E-004	...........	-327.63
	54	13.75	-5.42901E-001	-5.25624E-001	3.40676E-004	...........	-327.63
	55	14	-5.39518E-001	-5.85134E-001	2.39010E-004	...........	-327.63
	56	14.25	-5.40836E-001	-5.30123E-001	3.39676E-004	...........	-327.63
	57	14.5	-5.46242E-001	-5.90580E-001	2.41210E-004	...........	-327.63
	58	14.75	-5.52498E-001	-5.31817E-001	3.42076E-004	...........	-327.63
	59	15	-5.57353E-001	-5.97048E-001	2.40943E-004	...........	-327.63
	60	15.25	-5.60216E-001	-5.13982E-001	3.34543E-004	...........	-327.63
	61	15.5	-5.60498E-001	-5.79788E-001	2.46410E-004	...........	-327.63
	62	15.75	-5.57345E-001	-4.90163E-001	3.42410E-004	...........	-327.63
	63	16	-5.51079E-001	-5.78390E-001	2.39543E-004	...........	-327.63
	64	16.25	-5.44634E-001	-5.29662E-001	3.39543E-004	...........	-327.63
	65	16.5	-5.42236E-001	-5.79917E-001	2.43676E-004	...........	-327.63
	66	16.75	-5.44540E-001	-5.12389E-001	3.37810E-004	...........	-327.63
	67	17	-5.48680E-001	-6.31068E-001	2.35410E-004	...........	-327.63
	68	17.25	-5.53658E-001	-5.05094E-001	3.37743E-004	...........	-327.63
	69	17.5	-5.59190E-001	-6.13069E-001	2.40476E-004	...........	-327.63
	70	17.75	-5.62917E-001	-5.13997E-001	3.44010E-004	...........	-327.63
	71	18	-5.63899E-001	-6.14347E-001	2.33010E-004	...........	-327.63
	72	18.25	-5.64037E-001	-5.29134E-001	3.36876E-004	...........	-327.63
	73	18.5	-5.65734E-001	-6.41813E-001	2.44143E-004	...........	-327.63
	74	18.75	-5.70544E-001	-5.45803E-001	3.31610E-004	...........	-327.63
	75	19	-5.77252E-001	-6.03032E-001	2.37076E-004	...........	-327.63
	76	19.25	-5.81288E-001	-5.26208E-001	3.31676E-004	...........	-327.63
	77	19.5	-5.80054E-001	-6.31748E-001	2.36276E-004	...........	-327.63
	78	19.75	-5.76749E-001	-5.22951E-001	3.40476E-004	...........	-327.63
	79	20	-5.74952E-001	-6.15221E-001	2.37876E-004	...........	-327.63
	80	20.25	-5.73625E-001	-4.99343E-001	3.35210E-004	...........	-327.63
	81	20.5	-5.70316E-001	-6.16396E-001	2.44143E-004	...........	-327.63
	82	20.75	-5.66067E-001	-5.34711E-001	3.42476E-004	...........	-327.63
	83	21	-5.64984E-001	-6.36055E-001	2.42143E-004	...........	-327.63
	84	21.25	-5.67743E-001	-4.64191E-001	3.41743E-004	...........	-327.63
	85	21.5	-5.65754E-001	-4.75591E-001	1.33076E-004	...........	-327.63
	86	21.75	-5.46512E-001	-3.54009E-001	8.58764E-005	...........	-327.63
	87	22	-5.08756E-001	-4.87975E-001	8.23431E-005	...........	-327.63
	88	22.25	-4.68298E-001	-4.10292E-001	8.23431E-005	...........	-327.63
	89	22.5	-4.44754E-001	-5.69821E-001	7.92764E-005	...........	-327.63
	90	22.75	-4.46593E-001	-4.93873E-001	8.16764E-005	...........	-327.63
	91	23	-4.69786E-001	-6.43236E-001	8.48764E-005	...........	-327.63
	92	23.25	-5.03458E-001	-4.90761E-001	8.40097E-005	...........	-327.63
	93	23.5	-5.33021E-001	-5.43519E-001	8.21431E-005	...........	-327.63
	94	23.75	-5.44940E-001	-4.42945E-001	8.71431E-005	...........	-327.63
	95	24	-5.37946E-001	-6.04535E-001	8.67431E-005	...........	-327.63
	96	24.25	-5.26689E-001	-5.22389E-001	8.29431E-005	...........	-327.63
	97	24.5	-5.26302E-001	-5.97457E-001	8.17431E-005	...........	-327.63
	98	24.75	-5.35805E-001	-4.59542E-001	8.33431E-005	...........	-327.63
	99	25	-5.43623E-001	-6.27156E-001	7.72764E-005	...........	-327.63
	100	25.25	-5.44073E-001	-4.17407E-001	8.58098E-005	...........	-327.63
	101	25.5	-5.38982E-001	-6.11368E-001	8.54764E-005	...........	-327.63
	102	25.75	-5.32147E-001	-4.75242E-001	8.30764E-005	...........	-327.63
	103	26	-5.28341E-001	-5.85470E-001	8.95431E-005	...........	-327.63
	104	26.25	-5.30392E-001	-5.54087E-001	8.29431E-005	...........	-327.63
	105	26.5	-5.39587E-001	-6.49558E-001	8.07431E-005	...........	-327.63
	106	26.75	-5.55517E-001	-5.08614E-001	8.84764E-005	...........	-327.63
	107	27	-5.71277E-001	-6.36616E-001	8.37431E-005	...........	-327.63
	108	27.25	-5.79510E-001	-5.28893E-001	8.94097E-005	...........	-327.63
	109	27.5	-5.80951E-001	-6.23422E-001	8.20764E-005	...........	-327.63
	110	27.75	-5.78261E-001	-4.43443E-001	8.46764E-005	...........	-327.63
	111	28	-5.69940E-001	-6.22408E-001	8.30764E-005	...........	-327.63
	112	28.25	-5.56395E-001	-4.30651E-001	8.86764E-005	...........	-327.63
	113	28.5	-5.41737E-001	-5.69437E-001	8.77431E-005	...........	-327.63
	114	28.75	-5.28204E-001	-4.46377E-001	8.83431E-005	...........	-327.63
	115	29	-5.17896E-001	-6.13910E-001	8.76097E-005	...........	-327.63
	116	29.25	-5.15865E-001	-5.13385E-001	8.47431E-005	...........	-327.63
	117	29.5	-5.24559E-001	-6.01730E-001	8.25431E-005	...........	-327.63
	118	29.75	-5.39105E-001	-5.33767E-001	8.53431E-005	...........	-327.63
	119	30	-5.51927E-001	-5.77710E-001	7.94764E-005	...........	-327.63
	120	30.25	-5.57381E-001	-4.56509E-001	8.40097E-005	...........	-327.63
	121	30.5	-5.54008E-001	-6.57712E-001	8.30764E-005	...........	-327.63
	122	30.75	-5.48828E-001	-4.95979E-001	8.62764E-005	...........	-327.63
	123	31	-5.49775E-001	-5.98156E-001	8.16764E-005	...........	-327.63
	124	31.25	-5.53942E-001	-4.95703E-001	8.31431E-005	...........	-327.63
	125	31.5	-5.55166E-001	-6.18797E-001	8.77431E-005	...........	-327.63
	126	31.75	-5.53859E-001	-4.77176E-001	8.59431E-005	...........	-327.63
	127	32	-5.52258E-001	-6.14659E-001	8.62098E-005	...........	-327.63
	128	32.25	-5.50634E-001	-4.88281E-001	8.48764E-005	...........	-327.63
	129	32.5	-5.49503E-001	-6.13176E-001	8.50764E-005	...........	-327.63
	130	32.75	-5.49954E-001	-5.15607E-001	9.03431E-005	...........	-327.63
	131	33	-5.52827E-001	-6.21291E-001	8.31431E-005	...........	-327.63
	132	33.25	-5.57754E-001	-5.13367E-001	8.81431E-005	...........	-327.63
	133	33.5	-5.62840E-001	-6.27850E-001	8.79431E-005	...........	-327.63
	134	33.75	-5.65393E-001	-4.50828E-001	8.58098E-005	...........	-327.63
	135	34	-5.62077E-001	-5.96603E-001	8.66097E-005	...........	-327.63
	136	34.25	-5.52261E-001	-4.64688E-001	8.82764E-005	...........	-327.63
	137	34.5	-5.40566E-001	-5.80491E-001	8.92764E-005	...........	-327.63
	138	34.75	-5.32436E-001	-5.05157E-001	8.60097E-005	...........	-327.63
	139	35	-5.30454E-001	-5.84505E-001	8.82764E-005	...........	-327.63
	140	35.25	-5.33103E-001	-4.69350E-001	8.23431E-005	...........	-327.63
	141	35.5	-5.35761E-001	-6.07484E-001	8.17431E-005	...........	-327.63
	142	35.75	-5.36513E-001	-4.76875E-001	8.51431E-005	...........	-327.63
	143	36	-5.36910E-001	-5.89624E-001	8.53431E-005	...........	-327.63
	144	36.25	-5.36841E-001	-4.60641E-001	8.48764E-005	...........	-327.63
	145	36.5	-5.35250E-001	-6.15027E-001	8.80098E-005	...........	-327.63
	146	36.75	-5.33778E-001	-4.68102E-001	8.63431E-005	...........	-327.63
	147	37	-5.34800E-001	-6.24685E-001	8.38097E-005	...........	-327.63
	148	37.25	-5.38451E-001	-4.83052E-001	9.07431E-005	...........	-327.63
	149	37.5	-5.42804E-001	-5.90103E-001	8.39431E-005	...........	-327.63
	150	37.75	-5.43642E-001	-4.18168E-001	8.44764E-005	...........	-327.63
	151	38	-5.26045E-001	-1.63303E-002	8.30764E-005	...........	-327.63
	152	38.25	-4.66209E-001	-3.27600E-001	5.06764E-005	...........	-327.63
	153	38.5	-3.83292E-001	-8.64425E-001	8.40097E-005	...........	-327.63
	154	38.75	-3.62822E-001	-8.50322E-001	8.36097E-005	...........	-327.63
	155	39	-4.60627E-001	-9.38227E-001	8.32764E-005	...........	-327.63
	156	39.25	-6.28731E-001	-9.07638E-001	8.26764E-005	...........	-327.63
	157	39.5	-7.80258E-001	-9.01412E-001	8.36764E-005	...........	-327.63
	158	39.75	-8.69130E-001	-7.84591E-001	8.53431E-005	...........	-327.63
	159	40	-8.92986E-001	-7.59880E-001	8.14764E-005	...........	-327.63
	160	40.25	-8.70160E-001	-7.58016E-001	8.56764E-005	...........	-327.63
	161	40.5	-8.27448E-001	-7.41964E-001	8.82098E-005	...........	-327.63
	162	40.75	-7.87278E-001	-6.96791E-001	8.49431E-005	...........	-327.63
	163	41	-7.57504E-001	-7.33450E-001	8.80098E-005	...........	-327.63
	164	41.25	-7.36492E-001	-6.78883E-001	8.67431E-005	...........	-327.63
	165	41.5	-7.21593E-001	-7.10900E-001	8.44098E-005	...........	-327.63
	166	41.75	-7.10285E-001	-6.58221E-001	8.52764E-005	...........	-327.63
	167	42	-7.00395E-001	-6.97632E-001	8.47431E-005	...........	-327.63
	168	42.25	-6.91533E-001	-6.63315E-001	8.66097E-005	...........	-327.63
	169	42.5	-6.84539E-001	-6.79320E-001	8.98764E-005	...........	-327.63
	170	42.75	-6.79303E-001	-6.54414E-001	8.69431E-005	...........	-327.63
	171	43	-6.75070E-001	-6.92701E-001	8.47431E-005	...........	-327.63
	172	43.25	-6.71591E-001	-6.17013E-001	8.51431E-005	...........	-327.63
	173	43.5	-6.66223E-001	-6.05591E-001	8.78097E-005	...........	-327.63
	174	43.75	-6.53859E-001	-5.79341E-001	8.70098E-005	...........	-327.63
	175	44	-6.34083E-001	-5.97752E-001	8.34764E-005	...........	-327.63
	176	44.25	-6.13072E-001	-5.60442E-001	8.76097E-005	...........	-327.63
	177	44.5	-5.97421E-001	-6.40009E-001	8.70098E-005	...........	-327.63
	178	44.75	-5.91621E-001	-6.22225E-001	8.73431E-005	...........	-327.63
	179	45	-5.98061E-001	-6.82796E-001	8.48764E-005	...........	-327.63
	180	45.25	-6.14899E-001	-6.68301E-001	8.58098E-005	...........	-327.63
	181	45.5	-6.36531E-001	-6.91842E-001	8.22097E-005	...........	-327.63
	182	45.75	-6.56731E-001	-6.76671E-001	8.32098E-005	...........	-327.63
	183	46	-6.71958E-001	-7.20784E-001	8.58098E-005	...........	-327.63
	184	46.25	-6.83159E-001	-7.00967E-001	8.41431E-005	...........	-327.63
	185	46.5	-6.93526E-001	-7.54481E-001	8.04764E-005	...........	-327.63
	186	46.75	-7.05040E-001	-7.18699E-001	8.51431E-005	...........	-327.63
	187	47	-7.16776E-001	-7.39694E-001	8.24764E-005	...........	-327.63
	188	47.25	-7.25409E-001	-7.06029E-001	8.58764E-005	...........	-327.63
	189	47.5	-7.28429E-001	-7.30117E-001	8.48098E-005	...........	-327.63
	190	47.75	-7.27149E-001	-7.31601E-001	8.01431E-005	...........	-327.63
	191	48	-7.26323E-001	-7.68215E-001	8.22764E-005	...........	-327.63
	192	48.25	-7.30341E-001	-7.50124E-001	9.04098E-005	...........	-327.63
	193	48.5	-7.39551E-001	-7.91185E-001	8.82098E-005	...........	-327.63
	194	48.75	-7.51529E-001	-7.83315E-001	8.57431E-005	...........	-327.63
	195	49	-7.64620E-001	-8.18522E-001	8.54097E-005	...........	-327.63
	196	49.25	-7.77905E-001	-7.85916E-001	8.86098E-005	...........	-327.63
	197	49.5	-7.89916E-001	-8.42088E-001	8.34097E-005	...........	-327.63
	198	49.75	-8.01134E-001	-8.64329E-001	8.78097E-005	...........	-327.63
	199	50	-8.15816E-001	-9.04380E-001	8.28097E-005	...........	-327.63
	200	50.25	-8.36269E-001	-8.60381E-001	8.48764E-005	...........	-327.63
	201	50.5	-8.56962E-001	-8.69280E-001	8.36097E-005	...........	-327.63
	202	50.75	-8.68836E-001	-8.21463E-001	8.86764E-005	...........	-327.63
	203	51	-8.67919E-001	-8.40984E-001	8.47431E-005	...........	-327.63
	204	51.25	-8.57973E-001	-8.32449E-001	8.37431E-005	...........	-327.63
	205	51.5	-8.45852E-001	-8.00431E-001	8.99431E-005	...........	-327.63
	206	51.75	-8.34564E-001	-7.97145E-001	8.86098E-005	...........	-327.63
	207	52	-8.22671E-001	-7.75786E-001	8.74764E-005	...........	-327.63
	208	52.25	-8.09651E-001	-7.93404E-001	8.56097E-005	...........	-327.63
	209	52.5	-7.98865E-001	-8.28387E-001	8.35431E-005	...........	-327.63
	210	52.75	-7.95044E-001	-7.96642E-001	8.53431E-005	...........	-327.63
	211	53	-7.98715E-001	-8.33557E-001	8.28764E-005	...........	-327.63
	212	53.25	-8.05813E-001	-8.15604E-001	8.16764E-005	...........	-327.63
	213	53.5	-8.12302E-001	-8.03135E-001	8.17431E-005	...........	-327.63
	214	53.75	-8.13905E-001	-7.27998E-001	8.38764E-005	...........	-327.63
	215	54	-8.06325E-001	-8.01725E-001	8.63431E-005	...........	-327.63
	216	54.25	-7.92749E-001	-7.90765E-001	8.38764E-005	...........	-327.63
	217	54.5	-7.84291E-001	-8.43218E-001	8.60097E-005	...........	-327.63
	218	54.75	-7.88080E-001	-8.13483E-001	8.88098E-005	...........	-327.63
	219	55	-8.01111E-001	-8.61383E-001	8.59431E-005	...........	-327.63
	220	55.25	-8.16188E-001	-8.17753E-001	9.28764E-005	...........	-327.63
	221	55.5	-8.27338E-001	-8.14633E-001	8.65431E-005	...........	-327.63
	222	55.75	-8.30394E-001	-7.90172E-001	9.05431E-005	...........	-327.63
	223	56	-8.25502E-001	-8.42887E-001	8.36764E-005	...........	-327.63
	224	56.25	-8.18974E-001	-8.17030E-001	8.78097E-005	...........	-327.63
	225	56.5	-8.17618E-001	-8.58670E-001	8.54764E-005	...........	-327.63
	226	56.75	-8.22420E-001	-8.22572E-001	8.76097E-005	...........	-327.63
	227	57	-8.29795E-001	-8.62710E-001	8.42764E-005	...........	-327.63
	228	57.25	-8.36257E-001	-8.25340E-001	8.76097E-005	...........	-327.63
	229	57.5	-8.50920E-001	-1.40698E+000	8.98097E-005	...........	-327.63
	230	57.75	-9.01439E-001	-1.06738E+000	8.65431E-005	...........	-327.63
	231	58	-9.90134E-001	-9.84376E-001	8.68098E-005	...........	-327.63
	232	58.25	-1.06236E+000	-9.08624E-001	8.89431E-005	...........	-327.63
	233	58.5	-1.07033E+000	-9.77306E-001	8.88098E-005	...........	-327.63
	234	58.75	-1.02982E+000	-9.16361E-001	8.90764E-005	...........	-327.63
	235	59	-9.83039E-001	-9.17895E-001	8.68764E-005	...........	-327.63
	236	59.25	-9.49463E-001	-8.64349E-001	8.46098E-005	...........	-327.63
	237	59.5	-9.25613E-001	-8.77270E-001	8.83431E-005	...........	-327.63
	238	59.75	-9.05327E-001	-8.67893E-001	9.31431E-005	...........	-327.63
	239	60	-8.88523E-001	-8.69066E-001	8.42764E-005	...........	-327.63
	240	60.25	-8.76490E-001	-8.30298E-001	9.10764E-005	...........	-327.63
	241	60.5	-8.67049E-001	-8.45815E-001	8.24764E-005	...........	-327.63
	242	60.75	-8.57561E-001	-8.34736E-001	8.74097E-005	...........	-327.63
	243	61	-8.49394E-001	-8.73946E-001	8.42098E-005	...........	-327.63
	244	61.25	-8.45839E-001	-8.33209E-001	8.76764E-005	...........	-327.63
	245	61.5	-8.46519E-001	-8.44952E-001	8.44098E-005	...........	-327.63
	246	61.75	-8.46509E-001	-7.97021E-001	8.90764E-005	...........	-327.63
	247	62	-8.41357E-001	-8.19786E-001	8.35431E-005	...........	-327.63
	248	62.25	-8.31074E-001	-7.82722E-001	8.62764E-005	...........	-327.63
	249	62.5	-8.18122E-001	-7.62795E-001	8.13431E-005	...........	-327.63
	250	62.75	-8.02810E-001	-7.24890E-001	8.68098E-005	...........	-327.63
	251	63	-7.84177E-001	-7.48442E-001	8.30764E-005	...........	-327.63
	252	63.25	-7.64603E-001	-7.21631E-001	8.83431E-005	...........	-327.63
	253	63.5	-7.48993E-001	-7.53575E-001	8.38097E-005	...........	-327.63
	254	63.75	-7.40230E-001	-7.31889E-001	8.78097E-005	...........	-327.63
	255	64	-7.37915E-001	-7.62716E-001	7.72097E-005	...........	-327.63
	256	64.25	-7.39750E-001	-7.31736E-001	8.51431E-005	...........	-327.63
	257	64.5	-7.42957E-001	-7.62937E-001	7.76098E-005	...........	-327.63
	258	64.75	-7.43978E-001	-6.49860E-001	9.18098E-005	...........	-327.63
	259	65	-7.40145E-001	-8.33659E-001	8.36097E-005	...........	-327.63
	260	65.25	-7.38697E-001	-8.53806E-001	8.89431E-005	...........	-327.63
	261	65.5	-7.51922E-001	-7.37253E-001	8.24764E-005	...........	-327.63
	262	65.75	-7.70894E-001	-6.15109E-001	8.48098E-005	...........	-327.63
	263	66	-7.67209E-001	-6.23119E-001	8.08764E-005	...........	-327.63
	264	66.25	-7.30679E-001	-6.12554E-001	8.31431E-005	...........	-327.63
	265	66.5	-6.81926E-001	-6.53106E-001	7.86764E-005	...........	-327.63
	266	66.75	-6.46187E-001	-6.23085E-001	8.48098E-005	...........	-327.63
	267	67	-6.31300E-001	-6.53011E-001	9.00764E-005	...........	-327.63
	268	67.25	-6.31084E-001	-6.67817E-001	8.78764E-005	...........	-327.63
	269	67.5	-6.38284E-001	-6.65445E-001	8.54764E-005	...........	-327.63
	270	67.75	-6.48544E-001	-6.73506E-001	8.46098E-005	...........	-327.63
	271	68	-6.58321E-001	-6.68803E-001	8.28764E-005	...........	-327.63
	272	68.25	-6.66005E-001	-7.09684E-001	8.60097E-005	...........	-327.63
	273	68.5	-6.73201E-001	-6.89017E-001	8.28764E-005	...........	-327.63
	274	68.75	-6.81059E-001	-6.83131E-001	8.49431E-005	...........	-327.63
	275	69	-6.87269E-001	-6.92567E-001	8.86764E-005	...........	-327.63
	276	69.25	-6.90468E-001	-7.22608E-001	8.74097E-005	...........	-327.63
	277	69.5	-6.92746E-001	-6.57336E-001	8.14098E-005	...........	-327.63
	278	69.75	-6.94599E-001	-7.21948E-001	8.40764E-005	...........	-327.63
	279	70	-6.94915E-001	-6.81853E-001	8.70098E-005	...........	-327.63
	280	70.25	-6.94711E-001	-7.01083E-001	8.70764E-005	...........	-327.63
	281	70.5	-6.94955E-001	-6.93338E-001	8.50097E-005	...........	-327.63
	282	70.75	-6.96059E-001	-7.39443E-001	8.28097E-005	...........	-327.63
	283	71	-7.00014E-001	-7.13413E-001	8.40097E-005	...........	-327.63
	284	71.25	-7.07627E-001	-7.39553E-001	8.36097E-005	...........	-327.63
	285	71.5	-7.16590E-001	-7.33739E-001	8.62764E-005	...........	-327.63
	286	71.75	-7.24285E-001	-7.26476E-001	8.58098E-005	...........	-327.63
	287	72	-7.28393E-001	-6.87083E-001	7.78764E-005	...........	-327.63
	288	72.25	-7.26770E-001	-7.32755E-001	7.77431E-005	...........	-327.63
	289	72.5	-7.21284E-001	-7.14829E-001	8.73431E-005	...........	-327.63
	290	72.75	-7.17969E-001	-7.61454E-001	8.64097E-005	...........	-327.63
	291	73	-7.21091E-001	-7.41724E-001	8.46764E-005	...........	-327.63
	292	73.25	-7.30119E-001	-7.80239E-001	8.30098E-005	...........	-327.63
	293	73.5	-7.41895E-001	-7.60209E-001	8.74097E-005	...........	-327.63
	294	73.75	-7.53006E-001	-7.63996E-001	8.18097E-005	...........	-327.63
	295	74	-7.61029E-001	-7.83771E-001	8.99431E-005	...........	-327.63
	296	74.25	-7.66715E-001	-8.01512E-001	8.34764E-005	...........	-327.63
	297	74.5	-7.73068E-001	-7.79219E-001	9.01431E-005	...........	-327.63
	298	74.75	-7.80120E-001	-7.84443E-001	8.28097E-005	...........	-327.63
	299	75	-7.84517E-001	-7.70371E-001	9.19431E-005	...........	-327.63
	300	75.25	-7.84784E-001	-7.95073E-001	9.04764E-005	...........	-327.63
	301	75.5	-7.83083E-001	-7.68651E-001	8.78097E-005	...........	-327.63
	302	75.75	-7.81619E-001	-7.83171E-001	8.44098E-005	...........	-327.63
	303	76	-7.80992E-001	-8.01801E-001	8.45431E-005	...........	-327.63
	304	76.25	-7.82182E-001	-7.88696E-001	8.08098E-005	...........	-327.63
	305	76.5	-7.85609E-001	-7.92924E-001	8.56764E-005	...........	-327.63
	306	76.75	-7.88883E-001	-7.67867E-001	8.60764E-005	...........	-327.63
	307	77	-7.89113E-001	-7.89714E-001	8.40097E-005	...........	-327.63
	308	77.25	-7.89929E-001	-9.58796E-001	8.66097E-005	...........	-327.63
	309	77.5	-8.08736E-001	-1.16223E+000	8.95431E-005	...........	-327.63
	310	77.75	-8.67691E-001	-1.21313E+000	9.00764E-005	...........	-327.63
	311	78	-9.68204E-001	-1.30804E+000	8.86764E-005	...........	-327.63
	312	78.25	-1.08186E+000	-1.15835E+000	8.58098E-005	...........	-327.63
	313	78.5	-1.16832E+000	-1.12449E+000	8.49431E-005	...........	-327.63
	314	78.75	-1.19980E+000	-1.00125E+000	8.81431E-005	...........	-327.63
	315	79	-1.17626E+000	-1.02250E+000	8.43431E-005	...........	-327.63
	316	79.25	-1.12217E+000	-1.00433E+000	9.11431E-005	...........	-327.63
	317	79.5	-1.06586E+000	-9.08567E-001	8.57431E-005	...........	-327.63
	318	79.75	-1.01851E+000	-8.78976E-001	8.78764E-005	...........	-327.63
	319	80	-9.76565E-001	-9.32716E-001	8.46764E-005	...........	-327.63
	320	80.25	-9.40750E-001	-8.81020E-001	8.79431E-005	...........	-327.63
	321	80.5	-9.16540E-001	-8.87465E-001	8.13431E-005	...........	-327.63
	322	80.75	-9.01535E-001	-8.21936E-001	8.22764E-005	...........	-327.63
	323	81	-8.87271E-001	-8.44439E-001	8.20764E-005	...........	-327.63
	324	81.25	-8.69277E-001	-7.92225E-001	8.17431E-005	...........	-327.63
	325	81.5	-8.48733E-001	-7.92961E-001	8.14098E-005	...........	-327.63
	326	81.75	-8.26711E-001	-7.07976E-001	8.54764E-005	...........	-327.63
	327	82	-8.00757E-001	-6.93829E-001	8.48764E-005	...........	-327.63
	328	82.25	-7.69579E-001	-7.14360E-001	8.55431E-005	...........	-327.63
	329	82.5	-7.39428E-001	-7.17191E-001	8.58098E-005	...........	-327.63
	330	82.75	-7.19463E-001	-7.10286E-001	8.37431E-005	...........	-327.63
	331	83	-7.11198E-001	-6.94604E-001	9.02764E-005	...........	-327.63
	332	83.25	-7.08230E-001	-6.88629E-001	8.52098E-005	...........	-327.63
	333	83.5	-7.04625E-001	-6.95813E-001	8.63431E-005	...........	-327.63
	334	83.75	-6.99549E-001	-6.84022E-001	8.75431E-005	...........	-327.63
	335	84	-6.95192E-001	-7.11141E-001	8.33431E-005	...........	-327.63
	336	84.25	-6.94024E-001	-7.17837E-001	8.74097E-005	...........	-327.63
	337	84.5	-6.94959E-001	-5.84087E-001	8.06098E-005	...........	-327.63
	338	84.75	-6.90407E-001	-6.80271E-001	8.32764E-005	...........	-327.63
	339	85	-6.75936E-001	-6.08678E-001	8.43431E-005	...........	-327.63
	340	85.25	-6.58752E-001	-6.84278E-001	8.35431E-005	...........	-327.63
	341	85.5	-6.46513E-001	-5.40658E-001	8.56097E-005	...........	-327.63
	342	85.75	-6.34618E-001	-5.34407E-001	8.18764E-005	...........	-327.63
	343	86	-6.12112E-001	-4.78999E-001	8.08098E-005	...........	-327.63
	344	86.25	-5.79634E-001	-6.28827E-001	8.34097E-005	...........	-327.63
	345	86.5	-5.50942E-001	-3.82362E-001	8.21431E-005	...........	-327.63
	346	86.75	-5.32239E-001	-5.93275E-001	8.13431E-005	...........	-327.63
	347	87	-5.20813E-001	-5.48041E-001	8.02764E-005	...........	-327.63
	348	87.25	-5.21215E-001	-6.23044E-001	8.18764E-005	...........	-327.63
	349	87.5	-5.37485E-001	-5.73390E-001	8.21431E-005	...........	-327.63
	350	87.75	-5.61622E-001	-6.38112E-001	8.80764E-005	...........	-327.63
	351	88	-5.82494E-001	-5.47972E-001	8.34097E-005	...........	-327.63
	352	88.25	-5.93309E-001	-5.82067E-001	8.48764E-005	...........	-327.63
	353	88.5	-5.92151E-001	-5.50261E-001	8.23431E-005	...........	-327.63
	354	88.75	-5.83747E-001	-6.05066E-001	8.14098E-005	...........	-327.63
	355	89	-5.77159E-001	-5.94276E-001	8.76764E-005	...........	-327.63
	356	89.25	-5.78883E-001	-6.38884E-001	8.98097E-005	...........	-327.63
	357	89.5	-5.88968E-001	-6.09452E-001	8.83431E-005	...........	-327.63
	358	89.75	-6.02822E-001	-6.54006E-001	8.62764E-005	...........	-327.63
	359	90	-6.15833E-001	-6.22453E-001	9.01431E-005	...........	-327.63
	360	90.25	-6.26233E-001	-6.68909E-001	8.64097E-005	...........	-327.63
	361	90.5	-6.34759E-001	-6.48815E-001	8.58764E-005	...........	-327.63
	362	90.75	-6.43144E-001	-6.89677E-001	8.28764E-005	...........	-327.63
	363	91	-6.52441E-001	-6.65915E-001	8.79431E-005	...........	-327.63
	364	91.25	-6.62335E-001	-7.06938E-001	7.92097E-005	...........	-327.63
	365	91.5	-6.71891E-001	-6.74697E-001	8.38764E-005	...........	-327.63
	366	91.75	-6.80271E-001	-7.15650E-001	8.03431E-005	...........	-327.63
	367	92	-6.86894E-001	-6.74351E-001	8.59431E-005	...........	-327.63
	368	92.25	-6.91404E-001	-7.13723E-001	8.38764E-005	...........	-327.63
	369	92.5	-6.93992E-001	-6.86207E-001	8.38097E-005	...........	-327.63
	370	92.75	-6.96021E-001	-7.31403E-001	8.46098E-005	...........	-327.63
	371	93	-6.99191E-001	-6.93050E-001	8.67431E-005	...........	-327.63
	372	93.25	-7.03569E-001	-7.27924E-001	8.36097E-005	...........	-327.63
	373	93.5	-7.07761E-001	-7.03983E-001	8.80764E-005	...........	-327.63
	374	93.75	-7.11188E-001	-7.39081E-001	8.53431E-005	...........	-327.63
	375	94	-7.14528E-001	-7.08545E-001	8.66097E-005	...........	-327.63
	376	94.25	-7.18119E-001	-7.43833E-001	8.38764E-005	...........	-327.63
	377	94.5	-7.21528E-001	-7.10980E-001	8.47431E-005	...........	-327.63
	378	94.75	-7.24413E-001	-7.51733E-001	8.12098E-005	...........	-327.63
	379	95	-7.27068E-001	-7.21241E-001	8.24764E-005	...........	-327.63
	380	95.25	-7.30035E-001	-7.55555E-001	8.38097E-005	...........	-327.63
	381	95.5	-7.33235E-001	-7.21354E-001	8.61431E-005	...........	-327.63
	382	95.75	-7.35900E-001	-7.53453E-001	8.13431E-005	...........	-327.63
	383	96	-7.37521E-001	-7.26947E-001	8.46764E-005	...........	-327.63
	384	96.25	-7.38468E-001	-7.56137E-001	8.28097E-005	...........	-327.63
	385	96.5	-7.39421E-001	-7.29357E-001	7.94098E-005	...........	-327.63
	386	96.75	-7.40691E-001	-7.62727E-001	7.59431E-005	...........	-327.63
	387	97	-7.42418E-001	-7.36419E-001	8.62098E-005	...........	-327.63
	388	97.25	-7.44736E-001	-7.68594E-001	8.27431E-005	...........	-327.63
	389	97.5	-7.47609E-001	-7.45150E-001	8.59431E-005	...........	-327.63
	390	97.75	-7.50941E-001	-7.77490E-001	8.23431E-005	...........	-327.63
	391	98	-7.54665E-001	-7.52141E-001	8.68764E-005	...........	-327.63
	392	98.25	-7.58550E-001	-7.81958E-001	8.44098E-005	...........	-327.63
	393	98.5	-7.62153E-001	-7.54755E-001	8.73431E-005	...........	-327.63
	394	98.75	-7.65083E-001	-7.84286E-001	7.72764E-005	...........	-327.63
	395	99	-7.67309E-001	-7.60606E-001	8.82764E-005	...........	-327.63
	396	99.25	-7.69244E-001	-7.90727E-001	8.52764E-005	...........	-327.63
	397	99.5	-7.71322E-001	-7.62498E-001	8.71431E-005	...........	-327.63
	398	99.75	-7.73392E-001	-7.87355E-001	8.21431E-005	...........	-327.63
	399	100	-7.74703E-001	-7.55692E-001	8.72764E-005	...........	-327.63
EOC	QUANT	-0.774703	Open Circuit (V)
PSTATMODEL	IQUANT	5	Pstat Model
PSTATSECTION	LABEL	REF3000-20110	Pstat Section
PSTATSERIALNO	LABEL	20110	Pstat Serial Number
CTRLMODE	IQUANT	0	Control Mode
ELECTROMETER	IQUANT	0	RE=0 or CS=1
IESTAB	IQUANT	0	I/E Stability
CASPEED	IQUANT	4	Control Amp Speed
CONVENTION	IQUANT	1	Current Convention
ICHRANGE	IQUANT	2	Ich Range
ICHRANGEMODE	TOGGLE	F	Ich Auto Range
ICHOFFSETENABLE	TOGGLE	T	Ich Offset Enable
ICHOFFSET	QUANT	0	Ich Offset (V)
ICHFILTER	IQUANT	3	Ich Filter
VCHRANGE	IQUANT	2	Vch Range
VCHRANGEMODE	TOGGLE	F	Vch Auto Range
VCHOFFSETENABLE	TOGGLE	T	Vch Offset Enable
VCHOFFSET	QUANT	0	Vch Offset (V)
VCHFILTER	IQUANT	3	Vch Filter
ACHRANGE	IQUANT	2	Ach Range
ACHOFFSETENABLE	TOGGLE	F	Ach Offset Enable
ACHOFFSET	QUANT	0	Ach Offset (V)
ACHFILTER	IQUANT	1	Ach Filter
IERANGELOWERLIMIT	IQUANT	2	I/E Range Lower Limit
IERANGEMODE	TOGGLE	F	I/E AutoRange
IERANGE	IQUANT	11	I/E Range
POSFEEDENABLE	TOGGLE	F	Positive Feedback IR Comp
POSFEEDRESISTANCE	QUANT	0	Positive Feedback Resistance (ohm)
ACHSELECT	IQUANT	4	Ach Select
SENSECABLEID	IQUANT	14	Sense Cable ID
PWRCABLEID	IQUANT	7	Power Cable ID
DCCALDATE	LABEL	8/9/2022	DC Calibration Date
ACCALDATE	LABEL	8/9/2022	AC Calibration Date
THERMOSELECT	IQUANT	1	Thermo Select
FRAMEWORKVERSION	LABEL	7.9.0	Framework Version
INSTRUMENTVERSION	LABEL	4.60	Instrument Version
COMPLIANCEVOLTAGE	IQUANT	0	Compliance Voltage
ZCURVE	TABLE
	Pt	Time	Freq	Zreal	Zimag	Zsig	Zmod	Zphz	Idc	Vdc	IERange
	#	s	Hz	ohm	ohm	V	ohm	°	A	V	#
	0	5	1000078	738.8481	-365.3597	1	824.2476	-26.31235	-1.305076E-007	-0.7769448	9
	1	7	630984.4	879.3732	-413.0696	1	971.557	-25.16094	-9.158752E-007	-0.8159338	9
	2	8	398109.4	887.8563	-469.4966	1	1004.348	-27.86979	-4.727115E-006	-0.8130353	8
	3	10	251203.1	1072.228	-446.0396	1	1161.302	-22.58699	3.733922E-006	-0.8226432	8
	4	11	158578.1	1225.677	-361.7393	1	1277.944	-16.44313	-5.994932E-006	-0.81396	8
	5	13	100078.1	1327.373	-263.0417	1	1353.185	-11.20892	-1.309907E-006	-0.8237522	8
	6	15	63140.62	1374.201	-183.3701	1	1386.381	-7.600513	-1.259571E-006	-0.8412133	8
	7	16	39890.62	1398.825	-125.4476	1	1404.438	-5.124616	7.59169E-007	-0.7772816	8
	8	18	25171.88	1412.042	-86.41526	1	1414.684	-3.502065	3.73732E-007	-0.7806188	8
	9	20	15890.62	1421.284	-60.59811	1	1422.575	-2.441395	7.427251E-007	-0.8092015	8
	10	21	10078.13	1423.859	-45.63465	1	1424.591	-1.8357	5.449701E-007	-0.8224193	8
	11	23	6328.125	1427.114	-37.25328	1	1427.6	-1.495306	-1.177982E-006	-0.8216599	8
	12	25	3984.375	1432.205	-34.11641	1	1432.611	-1.364579	7.356123E-007	-0.8464264	8
	13	26	2527.573	1436.07	-34.78465	1	1436.491	-1.387553	-1.484077E-006	-0.8275139	8
	14	28	1577.524	1443.272	-40.17624	1	1443.832	-1.594525	8.575745E-007	-0.8165008	8
	15	30	998.264	1445.396	-46.93159	1	1446.157	-1.859724	-4.723853E-008	-0.8579531	8
	16	31	627.7902	1460.325	-60.98644	1	1461.598	-2.39141	4.858776E-007	-0.8916785	8
	17	33	397.9953	1479.166	-39.28585	1	1479.688	-1.521387	-3.616264E-007	-0.8742269	8
	18	34	252.4038	1524.256	-148.3711	1	1531.46	-5.559656	-3.612992E-007	-0.8550787	8
	19	35	158.3615	1515.306	-158.282	1	1523.55	-5.963234	-3.638739E-007	-0.8444056	8
	20	37	100.4464	1923.384	143.3895	1	1928.721	4.263548	-3.663333E-007	-0.8474253	8
	21	39	63.3446	1554.305	-211.0309	1	1568.565	-7.731879	-3.632391E-007	-0.8361517	8
	22	40	38.42213	1549.83	-431.1332	1	1608.679	-15.54556	-3.709123E-007	-0.8160728	8
	23	42	24.93351	1689.835	-415.6451	1	1740.203	-13.8186	-3.641134E-007	-0.954106	8
	24	44	15.625	1844.53	-542.058	1	1922.529	-16.37665	-3.860937E-007	-0.8295113	8
	25	45	9.93114	1854.824	-550.1888	1	1934.704	-16.52172	-3.552244E-007	-0.7679535	8
	26	46	6.317385	1898.569	-610.8567	1	1994.42	-17.83536	-3.633353E-007	-0.7404494	8
	27	49	3.945707	1997.846	-674.262	1	2108.558	-18.64925	-3.426358E-007	-0.7012947	8
	28	52	2.504006	2178.858	-643.7651	1	2271.972	-16.46029	-3.463563E-007	-0.6826246	8
	29	54	1.584686	2277.709	-852.1622	1	2431.9	-20.5124	-4.594615E-007	-0.7277674	8
	30	58	0.999041	2530.423	-1162.453	1	2784.661	-24.67361	-2.059645E-007	-0.6927041	8
	31	64	0.6334459	2793.558	-1587.853	1	3213.292	-29.61382	-3.2215E-007	-0.4735862	8
	32	73	0.400641	3300.696	-2216.439	1	3975.826	-33.88162	-3.169632E-007	-0.4437818	8
	33	86	0.2520161	3848.57	-2898.245	1	4817.813	-36.98233	-3.182429E-007	-0.4841232	8
	34	107	0.1588983	4372.801	-3863.599	1	5835.134	-41.46229	-3.192287E-007	-0.5762138	8
	35	139	0.1001603	4281.237	-3813.006	1	5733.063	-41.68928	-3.21047E-007	-0.5495145	8
