EXPLAIN
TAG	GALVEIS
TITLE	LABEL	Galvanostatic EIS	Test &Identifier
DATE	LABEL	19-12-2022	Date
TIME	LABEL	11:01:32	Time
NOTES	NOTES	1	&Notes...
	
PSTAT	PSTAT	REF3000-20110	Potentiostat
IDCREQ	QUANT	0.00000E+000	DC &Current (A)
FREQINIT	QUANT	1.00000E+006	Initial Fre&q. (Hz)
FREQFINAL	QUANT	1.00000E-001	Final Fre&q. (Hz)
PTSPERDEC	QUANT	5.00000E+000	Points/&decade
IACREQ	QUANT	1.00000E-004	AC &Current (A rms)
AREA	QUANT	1.00000E+000	&Area (cm^2)
CONDIT	TWOPARAM	F	1.50000E+001	0.00000E+000	Conditionin&g	Time(s)	E(V)
DELAY	TWOPARAM	T	1.00000E+002	0.00000E+000	Init. De&lay	Time(s)	Stab.(mV/s)
SPEED	SELECTOR	1	&Optimize for:
THD	SELECTOR	0	T&HD
DRIFTCOR	SELECTOR	0	&Drift Correction
ZGUESS	QUANT	5.00000E+002	E&stimated Z (ohms)
OCVCURVE	TABLE	400
	Pt	T	Vf	Vm	Ach	Over	Temp
	#	s	V vs. Ref.	V	V	bits	deg C
	0	0.25	-3.25122E-002	-3.25122E-002	3.07210E-004	...........	-327.63
	1	0.5	-3.25098E-002	-3.23894E-002	2.47076E-004	...........	-327.63
	2	0.75	-3.24988E-002	-3.24496E-002	3.10876E-004	...........	-327.63
	3	1	-3.24751E-002	-3.23144E-002	2.49543E-004	...........	-327.63
	4	1.25	-3.24419E-002	-3.23673E-002	3.08010E-004	...........	-327.63
	5	1.5	-3.24040E-002	-3.22332E-002	2.42010E-004	...........	-327.63
	6	1.75	-3.23646E-002	-3.23020E-002	3.01010E-004	...........	-327.63
	7	2	-3.23257E-002	-3.21626E-002	2.46410E-004	...........	-327.63
	8	2.25	-3.22884E-002	-3.22351E-002	3.06943E-004	...........	-327.63
	9	2.5	-3.22528E-002	-3.20964E-002	2.44943E-004	...........	-327.63
	10	2.75	-3.22189E-002	-3.21889E-002	3.12076E-004	...........	-327.63
	11	3	-3.21875E-002	-3.20628E-002	2.44676E-004	...........	-327.63
	12	3.25	-3.21605E-002	-3.21637E-002	3.06143E-004	...........	-327.63
	13	3.5	-3.21389E-002	-3.20401E-002	2.40876E-004	...........	-327.63
	14	3.75	-3.21225E-002	-3.21610E-002	3.09276E-004	...........	-327.63
	15	4	-3.21110E-002	-3.20384E-002	2.42010E-004	...........	-327.63
	16	4.25	-3.21043E-002	-3.21729E-002	3.05543E-004	...........	-327.63
	17	4.5	-3.21029E-002	-3.20928E-002	2.48543E-004	...........	-327.63
	18	4.75	-3.21096E-002	-3.22678E-002	3.06476E-004	...........	-327.63
	19	5	-3.21277E-002	-3.21657E-002	2.43743E-004	...........	-327.63
	20	5.25	-3.21562E-002	-3.23014E-002	3.05343E-004	...........	-327.63
	21	5.5	-3.21871E-002	-3.21511E-002	2.46610E-004	...........	-327.63
	22	5.75	-3.22104E-002	-3.22763E-002	3.08943E-004	...........	-327.63
	23	6	-3.22206E-002	-3.21231E-002	2.41676E-004	...........	-327.63
	24	6.25	-3.22186E-002	-3.22606E-002	3.01210E-004	...........	-327.63
	25	6.5	-3.22101E-002	-3.21220E-002	2.43476E-004	...........	-327.63
	26	6.75	-3.22013E-002	-3.22755E-002	3.05943E-004	...........	-327.63
	27	7	-3.21965E-002	-3.21320E-002	2.45143E-004	...........	-327.63
	28	7.25	-3.21967E-002	-3.22860E-002	3.16010E-004	...........	-327.63
	29	7.5	-3.22001E-002	-3.21353E-002	2.46210E-004	...........	-327.63
	30	7.75	-3.22043E-002	-3.22770E-002	3.09143E-004	...........	-327.63
	31	8	-3.22080E-002	-3.21855E-002	2.45010E-004	...........	-327.63
	32	8.25	-3.22160E-002	-3.24480E-002	3.07676E-004	...........	-327.63
	33	8.5	-3.22403E-002	-3.23963E-002	2.42476E-004	...........	-327.63
	34	8.75	-3.22899E-002	-3.25749E-002	3.08076E-004	...........	-327.63
	35	9	-3.23589E-002	-3.24929E-002	2.45343E-004	...........	-327.63
	36	9.25	-3.24331E-002	-3.27484E-002	2.99743E-004	...........	-327.63
	37	9.5	-3.25062E-002	-3.26741E-002	2.49343E-004	...........	-327.63
	38	9.75	-3.25793E-002	-3.28148E-002	3.07410E-004	...........	-327.63
	39	10	-3.26474E-002	-3.26444E-002	2.45543E-004	...........	-327.63
	40	10.25	-3.26954E-002	-3.26922E-002	3.10943E-004	...........	-327.63
	41	10.5	-3.27085E-002	-3.24653E-002	2.48410E-004	...........	-327.63
	42	10.75	-3.26822E-002	-3.25206E-002	3.07076E-004	...........	-327.63
	43	11	-3.26249E-002	-3.23673E-002	2.44410E-004	...........	-327.63
	44	11.25	-3.25544E-002	-3.24220E-002	3.06410E-004	...........	-327.63
	45	11.5	-3.24862E-002	-3.22692E-002	2.43543E-004	...........	-327.63
	46	11.75	-3.24257E-002	-3.22823E-002	3.07276E-004	...........	-327.63
	47	12	-3.23695E-002	-3.21743E-002	2.41943E-004	...........	-327.63
	48	12.25	-3.23152E-002	-3.22304E-002	3.08410E-004	...........	-327.63
	49	12.5	-3.22664E-002	-3.21538E-002	2.43943E-004	...........	-327.63
	50	12.75	-3.22283E-002	-3.21878E-002	3.04343E-004	...........	-327.63
	51	13	-3.22019E-002	-3.21562E-002	2.46876E-004	...........	-327.63
	52	13.25	-3.21850E-002	-3.21879E-002	3.08876E-004	...........	-327.63
	53	13.5	-3.21760E-002	-3.21611E-002	2.44410E-004	...........	-327.63
	54	13.75	-3.21718E-002	-3.21398E-002	3.07143E-004	...........	-327.63
	55	14	-3.21668E-002	-3.21117E-002	2.49076E-004	...........	-327.63
	56	14.25	-3.21559E-002	-3.20821E-002	3.04876E-004	...........	-327.63
	57	14.5	-3.21383E-002	-3.21068E-002	2.42876E-004	...........	-327.63
	58	14.75	-3.21189E-002	-3.20642E-002	3.09010E-004	...........	-327.63
	59	15	-3.21028E-002	-3.21005E-002	2.43543E-004	...........	-327.63
	60	15.25	-3.20920E-002	-3.20629E-002	3.05676E-004	...........	-327.63
	61	15.5	-3.20866E-002	-3.21432E-002	2.45543E-004	...........	-327.63
	62	15.75	-3.20874E-002	-3.20869E-002	3.02743E-004	...........	-327.63
	63	16	-3.20951E-002	-3.21865E-002	2.42810E-004	...........	-327.63
	64	16.25	-3.21084E-002	-3.21284E-002	3.05076E-004	...........	-327.63
	65	16.5	-3.21262E-002	-3.22552E-002	2.42143E-004	...........	-327.63
	66	16.75	-3.21480E-002	-3.21748E-002	3.07743E-004	...........	-327.63
	67	17	-3.21731E-002	-3.23077E-002	2.44210E-004	...........	-327.63
	68	17.25	-3.21989E-002	-3.21963E-002	3.06810E-004	...........	-327.63
	69	17.5	-3.22219E-002	-3.23056E-002	2.41876E-004	...........	-327.63
	70	17.75	-3.22375E-002	-3.21441E-002	3.10343E-004	...........	-327.63
	71	18	-3.22417E-002	-3.22674E-002	2.48010E-004	...........	-327.63
	72	18.25	-3.22347E-002	-3.21378E-002	3.04076E-004	...........	-327.63
	73	18.5	-3.22228E-002	-3.22960E-002	2.40943E-004	...........	-327.63
	74	18.75	-3.22147E-002	-3.21621E-002	3.05410E-004	...........	-327.63
	75	19	-3.22150E-002	-3.23290E-002	2.48076E-004	...........	-327.63
	76	19.25	-3.22230E-002	-3.21895E-002	3.11143E-004	...........	-327.63
	77	19.5	-3.22353E-002	-3.23408E-002	2.44210E-004	...........	-327.63
	78	19.75	-3.22478E-002	-3.21813E-002	3.06076E-004	...........	-327.63
	79	20	-3.22568E-002	-3.23430E-002	2.50076E-004	...........	-327.63
	80	20.25	-3.22617E-002	-3.22056E-002	3.10743E-004	...........	-327.63
	81	20.5	-3.22655E-002	-3.23704E-002	2.47410E-004	...........	-327.63
	82	20.75	-3.22716E-002	-3.22300E-002	3.00610E-004	...........	-327.63
	83	21	-3.22807E-002	-3.23760E-002	2.43543E-004	...........	-327.63
	84	21.25	-3.22904E-002	-3.22410E-002	3.10143E-004	...........	-327.63
	85	21.5	-3.22985E-002	-3.23683E-002	1.41810E-004	...........	-327.63
	86	21.75	-3.23035E-002	-3.22467E-002	8.82098E-005	...........	-327.63
	87	22	-3.23059E-002	-3.23631E-002	9.26098E-005	...........	-327.63
	88	22.25	-3.23072E-002	-3.22875E-002	8.67431E-005	...........	-327.63
	89	22.5	-3.23111E-002	-3.24116E-002	8.84098E-005	...........	-327.63
	90	22.75	-3.23211E-002	-3.23409E-002	9.55431E-005	...........	-327.63
	91	23	-3.23373E-002	-3.24041E-002	9.21431E-005	...........	-327.63
	92	23.25	-3.23541E-002	-3.23402E-002	8.60764E-005	...........	-327.63
	93	23.5	-3.23655E-002	-3.23802E-002	9.32764E-005	...........	-327.63
	94	23.75	-3.23692E-002	-3.23425E-002	9.16764E-005	...........	-327.63
	95	24	-3.23670E-002	-3.23525E-002	9.02764E-005	...........	-327.63
	96	24.25	-3.23615E-002	-3.23334E-002	9.31431E-005	...........	-327.63
	97	24.5	-3.23540E-002	-3.23107E-002	9.68764E-005	...........	-327.63
	98	24.75	-3.23446E-002	-3.23336E-002	9.43431E-005	...........	-327.63
	99	25	-3.23347E-002	-3.22989E-002	9.24764E-005	...........	-327.63
	100	25.25	-3.23266E-002	-3.23468E-002	8.98764E-005	...........	-327.63
	101	25.5	-3.23217E-002	-3.22868E-002	9.02097E-005	...........	-327.63
	102	25.75	-3.23199E-002	-3.23675E-002	9.23431E-005	...........	-327.63
	103	26	-3.23204E-002	-3.22853E-002	8.92764E-005	...........	-327.63
	104	26.25	-3.23229E-002	-3.23942E-002	9.29431E-005	...........	-327.63
	105	26.5	-3.23277E-002	-3.23121E-002	9.10098E-005	...........	-327.63
	106	26.75	-3.23358E-002	-3.24416E-002	8.92097E-005	...........	-327.63
	107	27	-3.23479E-002	-3.23302E-002	9.24764E-005	...........	-327.63
	108	27.25	-3.23630E-002	-3.24891E-002	9.53431E-005	...........	-327.63
	109	27.5	-3.23801E-002	-3.23794E-002	9.72764E-005	...........	-327.63
	110	27.75	-3.23992E-002	-3.25334E-002	9.64764E-005	...........	-327.63
	111	28	-3.24193E-002	-3.23663E-002	9.28097E-005	...........	-327.63
	112	28.25	-3.24356E-002	-3.25008E-002	9.28764E-005	...........	-327.63
	113	28.5	-3.24428E-002	-3.23475E-002	9.20764E-005	...........	-327.63
	114	28.75	-3.24413E-002	-3.25359E-002	9.20764E-005	...........	-327.63
	115	29	-3.24386E-002	-3.23971E-002	9.80098E-005	...........	-327.63
	116	29.25	-3.24422E-002	-3.25618E-002	9.24098E-005	...........	-327.63
	117	29.5	-3.24530E-002	-3.24043E-002	9.36764E-005	...........	-327.63
	118	29.75	-3.24660E-002	-3.25680E-002	9.02764E-005	...........	-327.63
	119	30	-3.24772E-002	-3.24436E-002	9.85431E-005	...........	-327.63
	120	30.25	-3.24872E-002	-3.25991E-002	9.30764E-005	...........	-327.63
	121	30.5	-3.24982E-002	-3.24536E-002	9.86764E-005	...........	-327.63
	122	30.75	-3.25091E-002	-3.25672E-002	1.03010E-004	...........	-327.63
	123	31	-3.25150E-002	-3.24233E-002	9.69431E-005	...........	-327.63
	124	31.25	-3.25126E-002	-3.25215E-002	9.46097E-005	...........	-327.63
	125	31.5	-3.25023E-002	-3.24125E-002	9.48097E-005	...........	-327.63
	126	31.75	-3.24881E-002	-3.24997E-002	9.46764E-005	...........	-327.63
	127	32	-3.24752E-002	-3.24341E-002	9.51431E-005	...........	-327.63
	128	32.25	-3.24672E-002	-3.25155E-002	9.62098E-005	...........	-327.63
	129	32.5	-3.24667E-002	-3.24893E-002	9.94764E-005	...........	-327.63
	130	32.75	-3.24743E-002	-3.25426E-002	9.64098E-005	...........	-327.63
	131	33	-3.24890E-002	-3.25613E-002	9.26098E-005	...........	-327.63
	132	33.25	-3.25088E-002	-3.25697E-002	9.73431E-005	...........	-327.63
	133	33.5	-3.25304E-002	-3.25554E-002	9.88098E-005	...........	-327.63
	134	33.75	-3.25470E-002	-3.25091E-002	9.22098E-005	...........	-327.63
	135	34	-3.25522E-002	-3.25364E-002	9.23431E-005	...........	-327.63
	136	34.25	-3.25461E-002	-3.24984E-002	1.00876E-004	...........	-327.63
	137	34.5	-3.25359E-002	-3.25827E-002	9.34097E-005	...........	-327.63
	138	34.75	-3.25302E-002	-3.25070E-002	9.44098E-005	...........	-327.63
	139	35	-3.25314E-002	-3.25703E-002	9.19431E-005	...........	-327.63
	140	35.25	-3.25345E-002	-3.24420E-002	9.54764E-005	...........	-327.63
	141	35.5	-3.25310E-002	-3.25067E-002	9.62764E-005	...........	-327.63
	142	35.75	-3.25157E-002	-3.23399E-002	9.39431E-005	...........	-327.63
	143	36	-3.24875E-002	-3.24047E-002	9.17431E-005	...........	-327.63
	144	36.25	-3.24482E-002	-3.22322E-002	8.91431E-005	...........	-327.63
	145	36.5	-3.24021E-002	-3.23486E-002	8.88764E-005	...........	-327.63
	146	36.75	-3.23561E-002	-3.21954E-002	9.30764E-005	...........	-327.63
	147	37	-3.23178E-002	-3.23551E-002	9.07431E-005	...........	-327.63
	148	37.25	-3.22933E-002	-3.22588E-002	9.56764E-005	...........	-327.63
	149	37.5	-3.22873E-002	-3.24660E-002	8.82764E-005	...........	-327.63
	150	37.75	-3.23024E-002	-3.23521E-002	8.72097E-005	...........	-327.63
	151	38	-3.23351E-002	-3.25457E-002	8.85431E-005	...........	-327.63
	152	38.25	-3.23772E-002	-3.24225E-002	9.36097E-005	...........	-327.63
	153	38.5	-3.24202E-002	-3.25986E-002	9.58764E-005	...........	-327.63
	154	38.75	-3.24587E-002	-3.24546E-002	9.03431E-005	...........	-327.63
	155	39	-3.24895E-002	-3.26090E-002	9.54097E-005	...........	-327.63
	156	39.25	-3.25114E-002	-3.24548E-002	9.66097E-005	...........	-327.63
	157	39.5	-3.25238E-002	-3.25787E-002	8.96098E-005	...........	-327.63
	158	39.75	-3.25271E-002	-3.24373E-002	8.91431E-005	...........	-327.63
	159	40	-3.25235E-002	-3.25837E-002	9.15431E-005	...........	-327.63
	160	40.25	-3.25179E-002	-3.24633E-002	9.65431E-005	...........	-327.63
	161	40.5	-3.25154E-002	-3.25834E-002	1.01010E-004	...........	-327.63
	162	40.75	-3.25171E-002	-3.24763E-002	9.67431E-005	...........	-327.63
	163	41	-3.25212E-002	-3.25875E-002	9.80764E-005	...........	-327.63
	164	41.25	-3.25268E-002	-3.25345E-002	9.46764E-005	...........	-327.63
	165	41.5	-3.25356E-002	-3.26247E-002	9.71431E-005	...........	-327.63
	166	41.75	-3.25499E-002	-3.25969E-002	1.03810E-004	...........	-327.63
	167	42	-3.25696E-002	-3.26582E-002	9.98098E-005	...........	-327.63
	168	42.25	-3.25922E-002	-3.26429E-002	9.82764E-005	...........	-327.63
	169	42.5	-3.26147E-002	-3.26729E-002	9.60098E-005	...........	-327.63
	170	42.75	-3.26347E-002	-3.26762E-002	9.55431E-005	...........	-327.63
	171	43	-3.26509E-002	-3.26691E-002	9.59431E-005	...........	-327.63
	172	43.25	-3.26631E-002	-3.26943E-002	9.44764E-005	...........	-327.63
	173	43.5	-3.26712E-002	-3.26593E-002	1.00410E-004	...........	-327.63
	174	43.75	-3.26761E-002	-3.27059E-002	9.36097E-005	...........	-327.63
	175	44	-3.26785E-002	-3.26417E-002	1.01343E-004	...........	-327.63
	176	44.25	-3.26788E-002	-3.27068E-002	9.59431E-005	...........	-327.63
	177	44.5	-3.26772E-002	-3.26209E-002	9.76098E-005	...........	-327.63
	178	44.75	-3.26739E-002	-3.27081E-002	8.96764E-005	...........	-327.63
	179	45	-3.26697E-002	-3.26053E-002	9.07431E-005	...........	-327.63
	180	45.25	-3.26653E-002	-3.27118E-002	9.34097E-005	...........	-327.63
	181	45.5	-3.26616E-002	-3.26016E-002	9.12097E-005	...........	-327.63
	182	45.75	-3.26594E-002	-3.27317E-002	9.61431E-005	...........	-327.63
	183	46	-3.26598E-002	-3.26113E-002	1.00743E-004	...........	-327.63
	184	46.25	-3.26631E-002	-3.27569E-002	9.12097E-005	...........	-327.63
	185	46.5	-3.26690E-002	-3.26115E-002	9.40097E-005	...........	-327.63
	186	46.75	-3.26754E-002	-3.27479E-002	9.46097E-005	...........	-327.63
	187	47	-3.26791E-002	-3.25755E-002	9.99431E-005	...........	-327.63
	188	47.25	-3.26770E-002	-3.27165E-002	9.70764E-005	...........	-327.63
	189	47.5	-3.26686E-002	-3.25455E-002	1.02010E-004	...........	-327.63
	190	47.75	-3.26559E-002	-3.26991E-002	9.98098E-005	...........	-327.63
	191	48	-3.26419E-002	-3.25191E-002	9.79431E-005	...........	-327.63
	192	48.25	-3.26288E-002	-3.26810E-002	9.67431E-005	...........	-327.63
	193	48.5	-3.26168E-002	-3.25004E-002	9.44764E-005	...........	-327.63
	194	48.75	-3.26059E-002	-3.26532E-002	9.43431E-005	...........	-327.63
	195	49	-3.25949E-002	-3.24636E-002	9.85431E-005	...........	-327.63
	196	49.25	-3.25820E-002	-3.25992E-002	9.85431E-005	...........	-327.63
	197	49.5	-3.25653E-002	-3.24052E-002	9.96097E-005	...........	-327.63
	198	49.75	-3.25433E-002	-3.25135E-002	9.64764E-005	...........	-327.63
	199	50	-3.25149E-002	-3.23123E-002	9.41431E-005	...........	-327.63
	200	50.25	-3.24794E-002	-3.24110E-002	8.82764E-005	...........	-327.63
	201	50.5	-3.24377E-002	-3.22328E-002	8.77431E-005	...........	-327.63
	202	50.75	-3.23932E-002	-3.23409E-002	9.14764E-005	...........	-327.63
	203	51	-3.23503E-002	-3.21961E-002	8.24764E-005	...........	-327.63
	204	51.25	-3.23133E-002	-3.22990E-002	8.74764E-005	...........	-327.63
	205	51.5	-3.22842E-002	-3.21850E-002	9.15431E-005	...........	-327.63
	206	51.75	-3.22629E-002	-3.22838E-002	8.93431E-005	...........	-327.63
	207	52	-3.22489E-002	-3.21967E-002	8.81431E-005	...........	-327.63
	208	52.25	-3.22414E-002	-3.22854E-002	9.12097E-005	...........	-327.63
	209	52.5	-3.22394E-002	-3.22210E-002	8.46098E-005	...........	-327.63
	210	52.75	-3.22415E-002	-3.22814E-002	8.98764E-005	...........	-327.63
	211	53	-3.22456E-002	-3.22243E-002	8.69431E-005	...........	-327.63
	212	53.25	-3.22490E-002	-3.22673E-002	9.16764E-005	...........	-327.63
	213	53.5	-3.22507E-002	-3.22507E-002	9.03431E-005	...........	-327.63
	214	53.75	-3.22522E-002	-3.22840E-002	8.91431E-005	...........	-327.63
	215	54	-3.22562E-002	-3.22818E-002	9.09431E-005	...........	-327.63
	216	54.25	-3.22635E-002	-3.22831E-002	8.41431E-005	...........	-327.63
	217	54.5	-3.22721E-002	-3.22981E-002	8.29431E-005	...........	-327.63
	218	54.75	-3.22799E-002	-3.22893E-002	8.98764E-005	...........	-327.63
	219	55	-3.22866E-002	-3.23265E-002	9.26764E-005	...........	-327.63
	220	55.25	-3.22930E-002	-3.22809E-002	9.17431E-005	...........	-327.63
	221	55.5	-3.22985E-002	-3.23165E-002	9.29431E-005	...........	-327.63
	222	55.75	-3.23010E-002	-3.22594E-002	9.39431E-005	...........	-327.63
	223	56	-3.22994E-002	-3.23214E-002	8.87431E-005	...........	-327.63
	224	56.25	-3.22954E-002	-3.22454E-002	9.02097E-005	...........	-327.63
	225	56.5	-3.22913E-002	-3.23359E-002	9.04764E-005	...........	-327.63
	226	56.75	-3.22888E-002	-3.22481E-002	9.10764E-005	...........	-327.63
	227	57	-3.22890E-002	-3.23553E-002	8.28097E-005	...........	-327.63
	228	57.25	-3.22920E-002	-3.22603E-002	8.86764E-005	...........	-327.63
	229	57.5	-3.22976E-002	-3.23899E-002	8.46098E-005	...........	-327.63
	230	57.75	-3.23056E-002	-3.22701E-002	9.40097E-005	...........	-327.63
	231	58	-3.23152E-002	-3.24062E-002	9.12764E-005	...........	-327.63
	232	58.25	-3.23245E-002	-3.22722E-002	8.70764E-005	...........	-327.63
	233	58.5	-3.23319E-002	-3.24136E-002	9.22764E-005	...........	-327.63
	234	58.75	-3.23372E-002	-3.22739E-002	8.75431E-005	...........	-327.63
	235	59	-3.23409E-002	-3.24319E-002	9.02764E-005	...........	-327.63
	236	59.25	-3.23446E-002	-3.22841E-002	9.04098E-005	...........	-327.63
	237	59.5	-3.23491E-002	-3.24434E-002	8.72097E-005	...........	-327.63
	238	59.75	-3.23543E-002	-3.22820E-002	8.16097E-005	...........	-327.63
	239	60	-3.23590E-002	-3.24563E-002	8.82764E-005	...........	-327.63
	240	60.25	-3.23629E-002	-3.22912E-002	8.12764E-005	...........	-327.63
	241	60.5	-3.23670E-002	-3.24737E-002	8.67431E-005	...........	-327.63
	242	60.75	-3.23722E-002	-3.23152E-002	9.40097E-005	...........	-327.63
	243	61	-3.23794E-002	-3.25016E-002	8.72764E-005	...........	-327.63
	244	61.25	-3.23889E-002	-3.23369E-002	8.95431E-005	...........	-327.63
	245	61.5	-3.24000E-002	-3.25121E-002	9.08097E-005	...........	-327.63
	246	61.75	-3.24106E-002	-3.23461E-002	9.14764E-005	...........	-327.63
	247	62	-3.24192E-002	-3.25124E-002	9.00764E-005	...........	-327.63
	248	62.25	-3.24251E-002	-3.23540E-002	8.38764E-005	...........	-327.63
	249	62.5	-3.24290E-002	-3.25212E-002	8.60097E-005	...........	-327.63
	250	62.75	-3.24324E-002	-3.23757E-002	8.78097E-005	...........	-327.63
	251	63	-3.24362E-002	-3.24918E-002	9.23431E-005	...........	-327.63
	252	63.25	-3.24363E-002	-3.22533E-002	8.77431E-005	...........	-327.63
	253	63.5	-3.24201E-002	-3.21631E-002	9.19431E-005	...........	-327.63
	254	63.75	-3.23678E-002	-3.18905E-002	8.60764E-005	...........	-327.63
	255	64	-3.22692E-002	-3.19083E-002	8.65431E-005	...........	-327.63
	256	64.25	-3.21383E-002	-3.17394E-002	8.82764E-005	...........	-327.63
	257	64.5	-3.20053E-002	-3.17901E-002	8.94097E-005	...........	-327.63
	258	64.75	-3.18942E-002	-3.16637E-002	9.04764E-005	...........	-327.63
	259	65	-3.18120E-002	-3.17115E-002	8.94764E-005	...........	-327.63
	260	65.25	-3.17544E-002	-3.16407E-002	8.69431E-005	...........	-327.63
	261	65.5	-3.17153E-002	-3.17118E-002	8.68098E-005	...........	-327.63
	262	65.75	-3.16922E-002	-3.16784E-002	8.33431E-005	...........	-327.63
	263	66	-3.16834E-002	-3.17090E-002	8.84764E-005	...........	-327.63
	264	66.25	-3.16840E-002	-3.16578E-002	8.58098E-005	...........	-327.63
	265	66.5	-3.16850E-002	-3.16229E-002	8.59431E-005	...........	-327.63
	266	66.75	-3.16768E-002	-3.15695E-002	9.30097E-005	...........	-327.63
	267	67	-3.16547E-002	-3.15367E-002	9.50764E-005	...........	-327.63
	268	67.25	-3.16215E-002	-3.15302E-002	8.69431E-005	...........	-327.63
	269	67.5	-3.15853E-002	-3.15031E-002	8.56764E-005	...........	-327.63
	270	67.75	-3.15543E-002	-3.15326E-002	8.40764E-005	...........	-327.63
	271	68	-3.15331E-002	-3.15043E-002	8.78097E-005	...........	-327.63
	272	68.25	-3.15223E-002	-3.15548E-002	8.36764E-005	...........	-327.63
	273	68.5	-3.15201E-002	-3.15045E-002	8.59431E-005	...........	-327.63
	274	68.75	-3.15228E-002	-3.15636E-002	8.64097E-005	...........	-327.63
	275	69	-3.15272E-002	-3.15092E-002	8.73431E-005	...........	-327.63
	276	69.25	-3.15313E-002	-3.15732E-002	8.41431E-005	...........	-327.63
	277	69.5	-3.15350E-002	-3.15088E-002	8.78764E-005	...........	-327.63
	278	69.75	-3.15383E-002	-3.15934E-002	8.60764E-005	...........	-327.63
	279	70	-3.15422E-002	-3.15249E-002	8.70764E-005	...........	-327.63
	280	70.25	-3.15480E-002	-3.16332E-002	9.00764E-005	...........	-327.63
	281	70.5	-3.15574E-002	-3.15687E-002	8.69431E-005	...........	-327.63
	282	70.75	-3.15715E-002	-3.16883E-002	8.56097E-005	...........	-327.63
	283	71	-3.15902E-002	-3.15997E-002	8.68098E-005	...........	-327.63
	284	71.25	-3.16112E-002	-3.17237E-002	8.89431E-005	...........	-327.63
	285	71.5	-3.16317E-002	-3.16211E-002	9.06098E-005	...........	-327.63
	286	71.75	-3.16496E-002	-3.17481E-002	8.81431E-005	...........	-327.63
	287	72	-3.16645E-002	-3.16351E-002	8.82764E-005	...........	-327.63
	288	72.25	-3.16765E-002	-3.17567E-002	8.27431E-005	...........	-327.63
	289	72.5	-3.16855E-002	-3.16309E-002	9.00098E-005	...........	-327.63
	290	72.75	-3.16910E-002	-3.17470E-002	8.54764E-005	...........	-327.63
	291	73	-3.16923E-002	-3.16069E-002	9.49431E-005	...........	-327.63
	292	73.25	-3.16891E-002	-3.17185E-002	8.90764E-005	...........	-327.63
	293	73.5	-3.16813E-002	-3.15681E-002	8.61431E-005	...........	-327.63
	294	73.75	-3.16691E-002	-3.16841E-002	8.48098E-005	...........	-327.63
	295	74	-3.16538E-002	-3.15323E-002	8.46764E-005	...........	-327.63
	296	74.25	-3.16370E-002	-3.16702E-002	8.78097E-005	...........	-327.63
	297	74.5	-3.16215E-002	-3.15232E-002	7.86098E-005	...........	-327.63
	298	74.75	-3.16092E-002	-3.16628E-002	8.67431E-005	...........	-327.63
	299	75	-3.16004E-002	-3.14973E-002	9.20764E-005	...........	-327.63
	300	75.25	-3.15929E-002	-3.16318E-002	8.82764E-005	...........	-327.63
	301	75.5	-3.15837E-002	-3.14589E-002	8.88764E-005	...........	-327.63
	302	75.75	-3.15713E-002	-3.16006E-002	8.81431E-005	...........	-327.63
	303	76	-3.15563E-002	-3.14334E-002	9.32098E-005	...........	-327.63
	304	76.25	-3.15410E-002	-3.15928E-002	8.64097E-005	...........	-327.63
	305	76.5	-3.15279E-002	-3.14331E-002	9.24098E-005	...........	-327.63
	306	76.75	-3.15193E-002	-3.16017E-002	8.24764E-005	...........	-327.63
	307	77	-3.15153E-002	-3.14302E-002	9.50098E-005	...........	-327.63
	308	77.25	-3.15146E-002	-3.15955E-002	8.74097E-005	...........	-327.63
	309	77.5	-3.15143E-002	-3.14125E-002	9.11431E-005	...........	-327.63
	310	77.75	-3.15121E-002	-3.15774E-002	8.54764E-005	...........	-327.63
	311	78	-3.15074E-002	-3.14038E-002	8.21431E-005	...........	-327.63
	312	78.25	-3.15011E-002	-3.15695E-002	8.18764E-005	...........	-327.63
	313	78.5	-3.14948E-002	-3.13933E-002	8.79431E-005	...........	-327.63
	314	78.75	-3.14892E-002	-3.15577E-002	7.98097E-005	...........	-327.63
	315	79	-3.14839E-002	-3.13818E-002	8.81431E-005	...........	-327.63
	316	79.25	-3.14787E-002	-3.15509E-002	8.29431E-005	...........	-327.63
	317	79.5	-3.14740E-002	-3.13949E-002	8.47431E-005	...........	-327.63
	318	79.75	-3.14717E-002	-3.15791E-002	8.22764E-005	...........	-327.63
	319	80	-3.14738E-002	-3.14162E-002	8.65431E-005	...........	-327.63
	320	80.25	-3.14803E-002	-3.15814E-002	8.62764E-005	...........	-327.63
	321	80.5	-3.14881E-002	-3.14096E-002	9.09431E-005	...........	-327.63
	322	80.75	-3.14936E-002	-3.15720E-002	8.58764E-005	...........	-327.63
	323	81	-3.14950E-002	-3.13998E-002	8.86098E-005	...........	-327.63
	324	81.25	-3.14929E-002	-3.15555E-002	7.82764E-005	...........	-327.63
	325	81.5	-3.14880E-002	-3.13727E-002	8.13431E-005	...........	-327.63
	326	81.75	-3.14804E-002	-3.15229E-002	7.96764E-005	...........	-327.63
	327	82	-3.14698E-002	-3.13467E-002	8.24098E-005	...........	-327.63
	328	82.25	-3.14573E-002	-3.15101E-002	7.88098E-005	...........	-327.63
	329	82.5	-3.14452E-002	-3.13471E-002	8.20764E-005	...........	-327.63
	330	82.75	-3.14362E-002	-3.15174E-002	7.89431E-005	...........	-327.63
	331	83	-3.14316E-002	-3.13539E-002	7.97431E-005	...........	-327.63
	332	83.25	-3.14312E-002	-3.15264E-002	8.57431E-005	...........	-327.63
	333	83.5	-3.14336E-002	-3.13620E-002	8.40097E-005	...........	-327.63
	334	83.75	-3.14373E-002	-3.15296E-002	8.25431E-005	...........	-327.63
	335	84	-3.14407E-002	-3.13510E-002	8.47431E-005	...........	-327.63
	336	84.25	-3.14422E-002	-3.15086E-002	8.16097E-005	...........	-327.63
	337	84.5	-3.14399E-002	-3.13208E-002	8.26764E-005	...........	-327.63
	338	84.75	-3.14329E-002	-3.14695E-002	8.07431E-005	...........	-327.63
	339	85	-3.14210E-002	-3.12783E-002	8.46098E-005	...........	-327.63
	340	85.25	-3.14051E-002	-3.14380E-002	7.99431E-005	...........	-327.63
	341	85.5	-3.13873E-002	-3.12515E-002	8.47431E-005	...........	-327.63
	342	85.75	-3.13697E-002	-3.14083E-002	7.31431E-005	...........	-327.63
	343	86	-3.13535E-002	-3.12301E-002	7.49431E-005	...........	-327.63
	344	86.25	-3.13395E-002	-3.14042E-002	7.75431E-005	...........	-327.63
	345	86.5	-3.13286E-002	-3.12358E-002	8.22764E-005	...........	-327.63
	346	86.75	-3.13222E-002	-3.14173E-002	7.82764E-005	...........	-327.63
	347	87	-3.13213E-002	-3.12657E-002	7.56764E-005	...........	-327.63
	348	87.25	-3.13257E-002	-3.14448E-002	7.10764E-005	...........	-327.63
	349	87.5	-3.13345E-002	-3.12770E-002	7.56764E-005	...........	-327.63
	350	87.75	-3.13446E-002	-3.14334E-002	7.52098E-005	...........	-327.63
	351	88	-3.13519E-002	-3.12546E-002	8.17431E-005	...........	-327.63
	352	88.25	-3.13531E-002	-3.14066E-002	7.76764E-005	...........	-327.63
	353	88.5	-3.13479E-002	-3.12304E-002	8.36097E-005	...........	-327.63
	354	88.75	-3.13381E-002	-3.13757E-002	7.74098E-005	...........	-327.63
	355	89	-3.13258E-002	-3.12142E-002	7.88098E-005	...........	-327.63
	356	89.25	-3.13132E-002	-3.13604E-002	8.57431E-005	...........	-327.63
	357	89.5	-3.13021E-002	-3.12074E-002	8.04764E-005	...........	-327.63
	358	89.75	-3.12933E-002	-3.13515E-002	7.96764E-005	...........	-327.63
	359	90	-3.12870E-002	-3.12083E-002	8.50764E-005	...........	-327.63
	360	90.25	-3.12829E-002	-3.13552E-002	7.83431E-005	...........	-327.63
	361	90.5	-3.12814E-002	-3.12268E-002	8.07431E-005	...........	-327.63
	362	90.75	-3.12829E-002	-3.13720E-002	7.92097E-005	...........	-327.63
	363	91	-3.12874E-002	-3.12387E-002	7.60098E-005	...........	-327.63
	364	91.25	-3.12936E-002	-3.13672E-002	7.92764E-005	...........	-327.63
	365	91.5	-3.12991E-002	-3.12469E-002	7.65431E-005	...........	-327.63
	366	91.75	-3.13033E-002	-3.13877E-002	8.18097E-005	...........	-327.63
	367	92	-3.13078E-002	-3.12793E-002	8.52764E-005	...........	-327.63
	368	92.25	-3.13152E-002	-3.14203E-002	7.68098E-005	...........	-327.63
	369	92.5	-3.13264E-002	-3.13195E-002	8.42764E-005	...........	-327.63
	370	92.75	-3.13413E-002	-3.14564E-002	7.74098E-005	...........	-327.63
	371	93	-3.13585E-002	-3.13526E-002	8.30098E-005	...........	-327.63
	372	93.25	-3.13762E-002	-3.14750E-002	8.60764E-005	...........	-327.63
	373	93.5	-3.13926E-002	-3.13776E-002	7.94764E-005	...........	-327.63
	374	93.75	-3.14072E-002	-3.15145E-002	8.00764E-005	...........	-327.63
	375	94	-3.14219E-002	-3.14416E-002	7.78764E-005	...........	-327.63
	376	94.25	-3.14402E-002	-3.15874E-002	8.02764E-005	...........	-327.63
	377	94.5	-3.14644E-002	-3.14989E-002	8.22097E-005	...........	-327.63
	378	94.75	-3.14930E-002	-3.16289E-002	8.22097E-005	...........	-327.63
	379	95	-3.15219E-002	-3.15302E-002	7.92097E-005	...........	-327.63
	380	95.25	-3.15470E-002	-3.16392E-002	8.08764E-005	...........	-327.63
	381	95.5	-3.15657E-002	-3.15223E-002	7.56098E-005	...........	-327.63
	382	95.75	-3.15766E-002	-3.16334E-002	8.13431E-005	...........	-327.63
	383	96	-3.15806E-002	-3.15194E-002	8.36097E-005	...........	-327.63
	384	96.25	-3.15798E-002	-3.16049E-002	8.21431E-005	...........	-327.63
	385	96.5	-3.15745E-002	-3.14496E-002	8.10764E-005	...........	-327.63
	386	96.75	-3.15618E-002	-3.15144E-002	7.86098E-005	...........	-327.63
	387	97	-3.15385E-002	-3.13655E-002	7.86098E-005	...........	-327.63
	388	97.25	-3.15055E-002	-3.14450E-002	7.64097E-005	...........	-327.63
	389	97.5	-3.14676E-002	-3.13089E-002	8.13431E-005	...........	-327.63
	390	97.75	-3.14305E-002	-3.14060E-002	8.08764E-005	...........	-327.63
	391	98	-3.13984E-002	-3.12807E-002	8.66764E-005	...........	-327.63
	392	98.25	-3.13732E-002	-3.13959E-002	7.74764E-005	...........	-327.63
	393	98.5	-3.13555E-002	-3.12824E-002	8.26764E-005	...........	-327.63
	394	98.75	-3.13452E-002	-3.14086E-002	7.92097E-005	...........	-327.63
	395	99	-3.13419E-002	-3.13097E-002	7.84098E-005	...........	-327.63
	396	99.25	-3.13451E-002	-3.14463E-002	7.34097E-005	...........	-327.63
	397	99.5	-3.13544E-002	-3.13478E-002	8.21431E-005	...........	-327.63
	398	99.75	-3.13686E-002	-3.14833E-002	7.57431E-005	...........	-327.63
	399	100	-3.13857E-002	-3.13831E-002	7.58097E-005	...........	-327.63
EOC	QUANT	-0.0313857	Open Circuit (V)
PSTATMODEL	IQUANT	5	Pstat Model
PSTATSECTION	LABEL	REF3000-20110	Pstat Section
PSTATSERIALNO	LABEL	20110	Pstat Serial Number
CTRLMODE	IQUANT	0	Control Mode
ELECTROMETER	IQUANT	0	RE=0 or CS=1
IESTAB	IQUANT	0	I/E Stability
CASPEED	IQUANT	4	Control Amp Speed
CONVENTION	IQUANT	1	Current Convention
ICHRANGE	IQUANT	2	Ich Range
ICHRANGEMODE	TOGGLE	F	Ich Auto Range
ICHOFFSETENABLE	TOGGLE	T	Ich Offset Enable
ICHOFFSET	QUANT	0	Ich Offset (V)
ICHFILTER	IQUANT	3	Ich Filter
VCHRANGE	IQUANT	2	Vch Range
VCHRANGEMODE	TOGGLE	F	Vch Auto Range
VCHOFFSETENABLE	TOGGLE	T	Vch Offset Enable
VCHOFFSET	QUANT	0	Vch Offset (V)
VCHFILTER	IQUANT	3	Vch Filter
ACHRANGE	IQUANT	2	Ach Range
ACHOFFSETENABLE	TOGGLE	F	Ach Offset Enable
ACHOFFSET	QUANT	0	Ach Offset (V)
ACHFILTER	IQUANT	1	Ach Filter
IERANGELOWERLIMIT	IQUANT	2	I/E Range Lower Limit
IERANGEMODE	TOGGLE	F	I/E AutoRange
IERANGE	IQUANT	11	I/E Range
POSFEEDENABLE	TOGGLE	F	Positive Feedback IR Comp
POSFEEDRESISTANCE	QUANT	0	Positive Feedback Resistance (ohm)
ACHSELECT	IQUANT	4	Ach Select
SENSECABLEID	IQUANT	14	Sense Cable ID
PWRCABLEID	IQUANT	7	Power Cable ID
DCCALDATE	LABEL	8/9/2022	DC Calibration Date
ACCALDATE	LABEL	8/9/2022	AC Calibration Date
THERMOSELECT	IQUANT	1	Thermo Select
FRAMEWORKVERSION	LABEL	7.9.0	Framework Version
INSTRUMENTVERSION	LABEL	4.60	Instrument Version
COMPLIANCEVOLTAGE	IQUANT	0	Compliance Voltage
ZCURVE	TABLE
	Pt	Time	Freq	Zreal	Zimag	Zsig	Zmod	Zphz	Idc	Vdc	IERange
	#	s	Hz	ohm	ohm	V	ohm	°	A	V	#
	0	8	1000078	6618.629	-2506.358	1	7077.293	-20.74079	2.094604E-006	-0.0016241	9
	1	9	630984.4	7498.275	-2274.785	1	7835.737	-16.87646	-8.342412E-007	-0.1599691	9
	2	11	398109.4	8203.908	-2315.618	1	8524.447	-15.76214	-7.807405E-006	-0.127379	8
	3	12	251203.1	8605.849	-2336.128	1	8917.294	-15.18742	-1.39078E-006	-0.1115329	8
	4	13	158578.1	9184.839	-2641.991	1	9557.27	-16.04772	-9.352248E-007	-0.1031517	8
	5	15	100078.1	10063.95	-3075.063	1	10523.26	-16.99065	-1.742988E-006	-0.0969893	8
	6	16	63140.62	11253.98	-3387.367	1	11752.72	-16.75141	9.635131E-007	-0.09679	8
	7	18	39890.62	12580.67	-3380.61	1	13026.97	-15.04091	3.476097E-007	-0.095492	8
	8	19	25171.88	13777.03	-3061.977	1	14113.19	-12.53045	-1.162459E-006	-0.0914285	8
	9	21	15890.62	14712.63	-2571.798	1	14935.72	-9.91524	-1.4748E-006	-0.0916357	8
	10	22	10078.13	15395.22	-1979.613	1	15521.97	-7.327242	-1.749782E-006	-0.0920179	8
	11	24	6328.125	15807.38	-1396.702	1	15868.96	-5.049405	-1.758149E-006	-0.091587	8
	12	25	3984.375	16090.54	-1001.602	1	16121.69	-3.561942	-7.30332E-007	-0.0911764	8
	13	27	2527.573	16288.32	-740.6364	1	16305.15	-2.603468	-1.359869E-006	-0.0913798	8
	14	28	1577.524	16420.2	-565.9429	1	16429.95	-1.973991	7.851081E-007	-0.0943469	8
	15	29	998.264	16536.34	-476.686	1	16543.21	-1.651184	-9.997311E-007	-0.0932935	8
	16	31	627.7902	16647.14	-448.7195	1	16653.18	-1.54402	-1.683521E-006	-0.0905515	8
	17	32	397.9953	16780.62	-464.1875	1	16787.04	-1.584519	-3.642581E-007	-0.0876788	8
	18	34	252.4038	16917.73	-519.1387	1	16925.7	-1.757631	-3.658295E-007	-0.0842347	8
	19	35	158.3615	17074.49	-610.3283	1	17085.39	-2.047168	-3.58297E-007	-0.0774458	8
	20	37	100.4464	17252.38	-721.0764	1	17267.44	-2.393328	-3.63854E-007	-0.0836516	8
	21	38	63.3446	17447.35	-858.6766	1	17468.46	-2.817557	-3.681333E-007	-0.0644959	8
	22	39	38.42213	17683.91	-1016.468	1	17713.1	-3.289732	-3.62489E-007	-0.0838507	8
	23	41	24.93351	17903.56	-1172.155	1	17941.89	-3.745838	-3.604903E-007	-0.0712109	8
	24	42	15.625	18177.75	-1290.932	1	18223.53	-4.062163	-3.599552E-007	-0.0833253	8
	25	43	9.93114	18412.81	-1227.732	1	18453.7	-3.814731	-3.813224E-007	-0.1232553	8
	26	45	6.317385	18642.93	-1297.692	1	18688.04	-3.981806	-3.222451E-007	-0.1298786	8
	27	47	3.945707	18978.72	-1505.211	1	19038.31	-4.534663	-3.767541E-007	-0.0957204	8
	28	49	2.504006	19347.72	-1660.227	1	19418.82	-4.904533	-3.609895E-007	-0.1192288	8
	29	52	1.584686	19820.25	-2061.469	1	19927.17	-5.937881	-1.643457E-007	-0.0435068	8
	30	56	0.999041	20398.09	-2193.313	1	20515.67	-6.137174	-3.155656E-007	0.0012733	8
	31	60	0.6334459	20958.32	-2530.164	1	21110.49	-6.88364	-3.177591E-007	-0.0621045	8
	32	69	0.400641	21523.69	-2677.093	1	21689.53	-7.089975	-3.188321E-007	-0.099822	8
	33	82	0.2520161	22387.73	-2655.933	1	22544.72	-6.765574	-3.19111E-007	-0.109914	8
	34	103	0.1588983	24009.03	-2596.122	1	24148.98	-6.171476	-3.222424E-007	-0.1169136	8
	35	135	0.1001603	26832.02	-2554.61	1	26953.35	-5.438597	-3.218869E-007	-0.1284992	8
