EXPLAIN
TAG	GALVEIS
TITLE	LABEL	Galvanostatic EIS	Test &Identifier
DATE	LABEL	19-12-2022	Date
TIME	LABEL	10:50:37	Time
NOTES	NOTES	1	&Notes...
	
PSTAT	PSTAT	REF3000-20110	Potentiostat
IDCREQ	QUANT	0.00000E+000	DC &Current (A)
FREQINIT	QUANT	1.00000E+006	Initial Fre&q. (Hz)
FREQFINAL	QUANT	1.00000E-001	Final Fre&q. (Hz)
PTSPERDEC	QUANT	5.00000E+000	Points/&decade
IACREQ	QUANT	1.00000E-004	AC &Current (A rms)
AREA	QUANT	1.00000E+000	&Area (cm^2)
CONDIT	TWOPARAM	F	1.50000E+001	0.00000E+000	Conditionin&g	Time(s)	E(V)
DELAY	TWOPARAM	T	1.00000E+002	0.00000E+000	Init. De&lay	Time(s)	Stab.(mV/s)
SPEED	SELECTOR	1	&Optimize for:
THD	SELECTOR	0	T&HD
DRIFTCOR	SELECTOR	0	&Drift Correction
ZGUESS	QUANT	5.00000E+002	E&stimated Z (ohms)
OCVCURVE	TABLE	400
	Pt	T	Vf	Vm	Ach	Over	Temp
	#	s	V vs. Ref.	V	V	bits	deg C
	0	0.25	1.59071E-002	1.59071E-002	2.19431E-005	...........	-327.63
	1	0.5	1.59058E-002	1.58396E-002	-2.30569E-005	...........	-327.63
	2	0.75	1.58977E-002	1.57635E-002	7.04764E-005	...........	-327.63
	3	1	1.58746E-002	1.57296E-002	-8.77902E-005	...........	-327.63
	4	1.25	1.58352E-002	1.57013E-002	5.11431E-005	...........	-327.63
	5	1.5	1.57889E-002	1.57170E-002	-3.19236E-005	...........	-327.63
	6	1.75	1.57497E-002	1.57226E-002	-5.39025E-006	...........	-327.63
	7	2	1.57269E-002	1.57678E-002	-1.03057E-004	...........	-327.63
	8	2.25	1.57227E-002	1.57654E-002	6.90764E-005	...........	-327.63
	9	2.5	1.57330E-002	1.57953E-002	-5.53236E-005	...........	-327.63
	10	2.75	1.57499E-002	1.57708E-002	-2.35902E-005	...........	-327.63
	11	3	1.57657E-002	1.57847E-002	-5.53902E-005	...........	-327.63
	12	3.25	1.57748E-002	1.57332E-002	4.14764E-005	...........	-327.63
	13	3.5	1.57742E-002	1.57182E-002	-1.33590E-004	...........	-327.63
	14	3.75	1.57620E-002	1.56386E-002	-2.49902E-005	...........	-327.63
	15	4	1.57371E-002	1.56104E-002	-5.87902E-005	...........	-327.63
	16	4.25	1.57001E-002	1.55262E-002	2.02098E-005	...........	-327.63
	17	4.5	1.56539E-002	1.55222E-002	-1.57190E-004	...........	-327.63
	18	4.75	1.56044E-002	1.54792E-002	-1.10569E-005	...........	-327.63
	19	5	1.55598E-002	1.55247E-002	-8.35902E-005	...........	-327.63
	20	5.25	1.55278E-002	1.55107E-002	-6.89236E-005	...........	-327.63
	21	5.5	1.55131E-002	1.55725E-002	-1.88457E-004	...........	-327.63
	22	5.75	1.55149E-002	1.55452E-002	-3.06569E-005	...........	-327.63
	23	6	1.55273E-002	1.55738E-002	-1.48590E-004	...........	-327.63
	24	6.25	1.55411E-002	1.55047E-002	-1.07857E-004	...........	-327.63
	25	6.5	1.55471E-002	1.54933E-002	-1.76257E-004	...........	-327.63
	26	6.75	1.55387E-002	1.54158E-002	-4.87902E-005	...........	-327.63
	27	7	1.55147E-002	1.53981E-002	-2.23724E-004	...........	-327.63
	28	7.25	1.54781E-002	1.53066E-002	-1.29590E-004	...........	-327.63
	29	7.5	1.54333E-002	1.53024E-002	-1.82657E-004	...........	-327.63
	30	7.75	1.53847E-002	1.52277E-002	-6.49902E-005	...........	-327.63
	31	8	1.53358E-002	1.51915E-002	-2.45657E-004	...........	-327.63
	32	8.25	1.52863E-002	1.50687E-002	-1.13724E-004	...........	-327.63
	33	8.5	1.52322E-002	1.50560E-002	-1.84057E-004	...........	-327.63
	34	8.75	1.51712E-002	1.49584E-002	-1.46790E-004	...........	-327.63
	35	9	1.51065E-002	1.49253E-002	-2.83790E-004	...........	-327.63
	36	9.25	1.50425E-002	1.48614E-002	-1.11457E-004	...........	-327.63
	37	9.5	1.49828E-002	1.48810E-002	-2.17657E-004	...........	-327.63
	38	9.75	1.49330E-002	1.48764E-002	-1.85657E-004	...........	-327.63
	39	10	1.48999E-002	1.49189E-002	-2.58657E-004	...........	-327.63
	40	10.25	1.48869E-002	1.49241E-002	-1.40657E-004	...........	-327.63
	41	10.5	1.48909E-002	1.49343E-002	-2.95790E-004	...........	-327.63
	42	10.75	1.49035E-002	1.49034E-002	-2.23190E-004	...........	-327.63
	43	11	1.49139E-002	1.48896E-002	-2.55657E-004	...........	-327.63
	44	11.25	1.49149E-002	1.48585E-002	-1.53990E-004	...........	-327.63
	45	11.5	1.49040E-002	1.47953E-002	-3.50724E-004	...........	-327.63
	46	11.75	1.48803E-002	1.47071E-002	-1.97724E-004	...........	-327.63
	47	12	1.48408E-002	1.46249E-002	-2.83857E-004	...........	-327.63
	48	12.25	1.47849E-002	1.45940E-002	-2.41190E-004	...........	-327.63
	49	12.5	1.47200E-002	1.45770E-002	-3.65657E-004	...........	-327.63
	50	12.75	1.46606E-002	1.46127E-002	-1.84524E-004	...........	-327.63
	51	13	1.46192E-002	1.45758E-002	-3.20924E-004	...........	-327.63
	52	13.25	1.45978E-002	1.45775E-002	-2.84324E-004	...........	-327.63
	53	13.5	1.45871E-002	1.45026E-002	-3.77790E-004	...........	-327.63
	54	13.75	1.45742E-002	1.44791E-002	-2.18924E-004	...........	-327.63
	55	14	1.45500E-002	1.43764E-002	-3.99257E-004	...........	-327.63
	56	14.25	1.45116E-002	1.43621E-002	-2.79057E-004	...........	-327.63
	57	14.5	1.44622E-002	1.42905E-002	-3.37324E-004	...........	-327.63
	58	14.75	1.44100E-002	1.43501E-002	-2.43457E-004	...........	-327.63
	59	15	1.43669E-002	1.43358E-002	-4.24724E-004	...........	-327.63
	60	15.25	1.43435E-002	1.44345E-002	-2.96924E-004	...........	-327.63
	61	15.5	1.43434E-002	1.43698E-002	-3.95990E-004	...........	-327.63
	62	15.75	1.43591E-002	1.43985E-002	-3.39924E-004	...........	-327.63
	63	16	1.43742E-002	1.42664E-002	-4.53190E-004	...........	-327.63
	64	16.25	1.43721E-002	1.42420E-002	-2.81857E-004	...........	-327.63
	65	16.5	1.43433E-002	1.40754E-002	-3.97324E-004	...........	-327.63
	66	16.75	1.42878E-002	1.40850E-002	-3.73724E-004	...........	-327.63
	67	17	1.42148E-002	1.39750E-002	-4.69990E-004	...........	-327.63
	68	17.25	1.41402E-002	1.40602E-002	-3.30857E-004	...........	-327.63
	69	17.5	1.40798E-002	1.39956E-002	-4.89857E-004	...........	-327.63
	70	17.75	1.40439E-002	1.41174E-002	-3.76790E-004	...........	-327.63
	71	18	1.40342E-002	1.40700E-002	-4.36857E-004	...........	-327.63
	72	18.25	1.40467E-002	1.42060E-002	-3.30190E-004	...........	-327.63
	73	18.5	1.40748E-002	1.41448E-002	-5.42057E-004	...........	-327.63
	74	18.75	1.41104E-002	1.42257E-002	-4.16457E-004	...........	-327.63
	75	19	1.41422E-002	1.40513E-002	-4.86457E-004	...........	-327.63
	76	19.25	1.41558E-002	1.40689E-002	-4.24057E-004	...........	-327.63
	77	19.5	1.41400E-002	1.38991E-002	-5.51257E-004	...........	-327.63
	78	19.75	1.40955E-002	1.39553E-002	-3.86990E-004	...........	-327.63
	79	20	1.40348E-002	1.38260E-002	-5.03724E-004	...........	-327.63
	80	20.25	1.39739E-002	1.39050E-002	-4.45324E-004	...........	-327.63
	81	20.5	1.39230E-002	1.37692E-002	-5.53524E-004	...........	-327.63
	82	20.75	1.38839E-002	1.38550E-002	-4.08324E-004	...........	-327.63
	83	21	1.38537E-002	1.37582E-002	-5.51790E-004	...........	-327.63
	84	21.25	1.38314E-002	1.38759E-002	-4.66057E-004	...........	-327.63
	85	21.5	1.38194E-002	1.38128E-002	-6.56190E-004	...........	-327.63
	86	21.75	1.38206E-002	1.39445E-002	-7.07790E-004	...........	-327.63
	87	22	1.38355E-002	1.38886E-002	-7.59057E-004	...........	-327.63
	88	22.25	1.38613E-002	1.40093E-002	-7.65790E-004	...........	-327.63
	89	22.5	1.38931E-002	1.39304E-002	-7.32390E-004	...........	-327.63
	90	22.75	1.39244E-002	1.40144E-002	-7.55790E-004	...........	-327.63
	91	23	1.39487E-002	1.39095E-002	-7.88524E-004	...........	-327.63
	92	23.25	1.39613E-002	1.39666E-002	-7.34524E-004	...........	-327.63
	93	23.5	1.39605E-002	1.38640E-002	-7.30524E-004	...........	-327.63
	94	23.75	1.39485E-002	1.39228E-002	-8.10324E-004	...........	-327.63
	95	24	1.39298E-002	1.38417E-002	-8.14524E-004	...........	-327.63
	96	24.25	1.39102E-002	1.39136E-002	-7.65257E-004	...........	-327.63
	97	24.5	1.38947E-002	1.38666E-002	-8.15457E-004	...........	-327.63
	98	24.75	1.38870E-002	1.39404E-002	-8.27457E-004	...........	-327.63
	99	25	1.38886E-002	1.39175E-002	-7.78057E-004	...........	-327.63
	100	25.25	1.38991E-002	1.39865E-002	-7.73590E-004	...........	-327.63
	101	25.5	1.39166E-002	1.39738E-002	-8.29190E-004	...........	-327.63
	102	25.75	1.39388E-002	1.40288E-002	-8.48590E-004	...........	-327.63
	103	26	1.39629E-002	1.40137E-002	-7.99390E-004	...........	-327.63
	104	26.25	1.39860E-002	1.40384E-002	-8.28190E-004	...........	-327.63
	105	26.5	1.40051E-002	1.40155E-002	-8.56324E-004	...........	-327.63
	106	26.75	1.40173E-002	1.40070E-002	-8.11257E-004	...........	-327.63
	107	27	1.40206E-002	1.39753E-002	-8.08790E-004	...........	-327.63
	108	27.25	1.40143E-002	1.39460E-002	-8.63924E-004	...........	-327.63
	109	27.5	1.39988E-002	1.39158E-002	-8.83724E-004	...........	-327.63
	110	27.75	1.39757E-002	1.38709E-002	-8.43990E-004	...........	-327.63
	111	28	1.39471E-002	1.38617E-002	-8.55724E-004	...........	-327.63
	112	28.25	1.39158E-002	1.38102E-002	-8.87524E-004	...........	-327.63
	113	28.5	1.38845E-002	1.38145E-002	-8.48324E-004	...........	-327.63
	114	28.75	1.38549E-002	1.37606E-002	-8.59724E-004	...........	-327.63
	115	29	1.38277E-002	1.37764E-002	-9.01657E-004	...........	-327.63
	116	29.25	1.38030E-002	1.37203E-002	-9.23324E-004	...........	-327.63
	117	29.5	1.37810E-002	1.37524E-002	-8.78257E-004	...........	-327.63
	118	29.75	1.37617E-002	1.36964E-002	-8.91124E-004	...........	-327.63
	119	30	1.37456E-002	1.37370E-002	-9.31924E-004	...........	-327.63
	120	30.25	1.37324E-002	1.36698E-002	-8.78057E-004	...........	-327.63
	121	30.5	1.37208E-002	1.37121E-002	-8.80990E-004	...........	-327.63
	122	30.75	1.37093E-002	1.36310E-002	-9.25857E-004	...........	-327.63
	123	31	1.36963E-002	1.36770E-002	-9.26857E-004	...........	-327.63
	124	31.25	1.36811E-002	1.35898E-002	-8.94790E-004	...........	-327.63
	125	31.5	1.36637E-002	1.36346E-002	-9.10590E-004	...........	-327.63
	126	31.75	1.36443E-002	1.35330E-002	-9.40257E-004	...........	-327.63
	127	32	1.36224E-002	1.35686E-002	-8.84457E-004	...........	-327.63
	128	32.25	1.35965E-002	1.34332E-002	-8.99724E-004	...........	-327.63
	129	32.5	1.35639E-002	1.34466E-002	-9.59524E-004	...........	-327.63
	130	32.75	1.35223E-002	1.33182E-002	-9.70724E-004	...........	-327.63
	131	33	1.34730E-002	1.33679E-002	-9.28523E-004	...........	-327.63
	132	33.25	1.34218E-002	1.32737E-002	-9.44790E-004	...........	-327.63
	133	33.5	1.33770E-002	1.33671E-002	-9.63590E-004	...........	-327.63
	134	33.75	1.33456E-002	1.32950E-002	-9.21857E-004	...........	-327.63
	135	34	1.33302E-002	1.33940E-002	-9.17657E-004	...........	-327.63
	136	34.25	1.33288E-002	1.33157E-002	-9.69990E-004	...........	-327.63
	137	34.5	1.33360E-002	1.34147E-002	-9.94657E-004	...........	-327.63
	138	34.75	1.33467E-002	1.33305E-002	-9.52657E-004	...........	-327.63
	139	35	1.33576E-002	1.34318E-002	-9.71990E-004	...........	-327.63
	140	35.25	1.33675E-002	1.33472E-002	-9.95924E-004	...........	-327.63
	141	35.5	1.33765E-002	1.34529E-002	-9.53657E-004	...........	-327.63
	142	35.75	1.33855E-002	1.33765E-002	-9.40190E-004	...........	-327.63
	143	36	1.33956E-002	1.34763E-002	-9.86523E-004	...........	-327.63
	144	36.25	1.34066E-002	1.33869E-002	-9.83590E-004	...........	-327.63
	145	36.5	1.34173E-002	1.34831E-002	-9.59457E-004	...........	-327.63
	146	36.75	1.34259E-002	1.33878E-002	-9.79324E-004	...........	-327.63
	147	37	1.34314E-002	1.34832E-002	-1.01566E-003	...........	-327.63
	148	37.25	1.34344E-002	1.33917E-002	-9.83857E-004	...........	-327.63
	149	37.5	1.34359E-002	1.34849E-002	-9.80457E-004	...........	-327.63
	150	37.75	1.34366E-002	1.33808E-002	-1.02532E-003	...........	-327.63
	151	38	1.34357E-002	1.34452E-002	-1.01986E-003	...........	-327.63
	152	38.25	1.34301E-002	1.33119E-002	-9.95724E-004	...........	-327.63
	153	38.5	1.34164E-002	1.33707E-002	-1.00299E-003	...........	-327.63
	154	38.75	1.33931E-002	1.32437E-002	-1.04786E-003	...........	-327.63
	155	39	1.33630E-002	1.33225E-002	-1.02139E-003	...........	-327.63
	156	39.25	1.33315E-002	1.32263E-002	-1.01926E-003	...........	-327.63
	157	39.5	1.33046E-002	1.33153E-002	-1.04639E-003	...........	-327.63
	158	39.75	1.32860E-002	1.32270E-002	-1.04266E-003	...........	-327.63
	159	40	1.32762E-002	1.33386E-002	-1.02259E-003	...........	-327.63
	160	40.25	1.32748E-002	1.32741E-002	-1.03039E-003	...........	-327.63
	161	40.5	1.32817E-002	1.33879E-002	-1.05472E-003	...........	-327.63
	162	40.75	1.32963E-002	1.33130E-002	-1.03432E-003	...........	-327.63
	163	41	1.33156E-002	1.34107E-002	-1.00612E-003	...........	-327.63
	164	41.25	1.33348E-002	1.33189E-002	-1.05919E-003	...........	-327.63
	165	41.5	1.33499E-002	1.34046E-002	-1.06472E-003	...........	-327.63
	166	41.75	1.33585E-002	1.32998E-002	-1.02552E-003	...........	-327.63
	167	42	1.33597E-002	1.33623E-002	-1.03892E-003	...........	-327.63
	168	42.25	1.33529E-002	1.32353E-002	-1.07619E-003	...........	-327.63
	169	42.5	1.33372E-002	1.32834E-002	-1.04906E-003	...........	-327.63
	170	42.75	1.33125E-002	1.31588E-002	-1.03539E-003	...........	-327.63
	171	43	1.32807E-002	1.32203E-002	-1.06946E-003	...........	-327.63
	172	43.25	1.32459E-002	1.31133E-002	-1.07886E-003	...........	-327.63
	173	43.5	1.32130E-002	1.31967E-002	-1.04319E-003	...........	-327.63
	174	43.75	1.31861E-002	1.31071E-002	-1.05466E-003	...........	-327.63
	175	44	1.31678E-002	1.32079E-002	-1.08539E-003	...........	-327.63
	176	44.25	1.31585E-002	1.31251E-002	-1.07459E-003	...........	-327.63
	177	44.5	1.31575E-002	1.32305E-002	-1.06299E-003	...........	-327.63
	178	44.75	1.31627E-002	1.31555E-002	-1.09146E-003	...........	-327.63
	179	45	1.31723E-002	1.32587E-002	-1.09259E-003	...........	-327.63
	180	45.25	1.31846E-002	1.31761E-002	-1.06892E-003	...........	-327.63
	181	45.5	1.31975E-002	1.32752E-002	-1.05766E-003	...........	-327.63
	182	45.75	1.32096E-002	1.31960E-002	-1.09899E-003	...........	-327.63
	183	46	1.32205E-002	1.32996E-002	-1.09092E-003	...........	-327.63
	184	46.25	1.32308E-002	1.32165E-002	-1.07052E-003	...........	-327.63
	185	46.5	1.32410E-002	1.33105E-002	-1.10986E-003	...........	-327.63
	186	46.75	1.32505E-002	1.32215E-002	-1.13272E-003	...........	-327.63
	187	47	1.32580E-002	1.33106E-002	-1.09372E-003	...........	-327.63
	188	47.25	1.32628E-002	1.32215E-002	-1.09446E-003	...........	-327.63
	189	47.5	1.32652E-002	1.33075E-002	-1.13306E-003	...........	-327.63
	190	47.75	1.32657E-002	1.32119E-002	-1.11392E-003	...........	-327.63
	191	48	1.32643E-002	1.32956E-002	-1.09606E-003	...........	-327.63
	192	48.25	1.32613E-002	1.32011E-002	-1.11606E-003	...........	-327.63
	193	48.5	1.32568E-002	1.32792E-002	-1.12366E-003	...........	-327.63
	194	48.75	1.32511E-002	1.31889E-002	-1.10339E-003	...........	-327.63
	195	49	1.32447E-002	1.32657E-002	-1.09466E-003	...........	-327.63
	196	49.25	1.32380E-002	1.31767E-002	-1.12732E-003	...........	-327.63
	197	49.5	1.32312E-002	1.32472E-002	-1.10986E-003	...........	-327.63
	198	49.75	1.32241E-002	1.31566E-002	-1.10859E-003	...........	-327.63
	199	50	1.32162E-002	1.32281E-002	-1.13052E-003	...........	-327.63
	200	50.25	1.32074E-002	1.31356E-002	-1.13319E-003	...........	-327.63
	201	50.5	1.31977E-002	1.31979E-002	-1.09292E-003	...........	-327.63
	202	50.75	1.31867E-002	1.31066E-002	-1.10386E-003	...........	-327.63
	203	51	1.31741E-002	1.31593E-002	-1.13266E-003	...........	-327.63
	204	51.25	1.31594E-002	1.30650E-002	-1.13199E-003	...........	-327.63
	205	51.5	1.31429E-002	1.31368E-002	-1.11046E-003	...........	-327.63
	206	51.75	1.31263E-002	1.30648E-002	-1.14672E-003	...........	-327.63
	207	52	1.31132E-002	1.31482E-002	-1.13699E-003	...........	-327.63
	208	52.25	1.31064E-002	1.30891E-002	-1.12286E-003	...........	-327.63
	209	52.5	1.31069E-002	1.31755E-002	-1.12432E-003	...........	-327.63
	210	52.75	1.31135E-002	1.31085E-002	-1.14919E-003	...........	-327.63
	211	53	1.31232E-002	1.31724E-002	-1.13586E-003	...........	-327.63
	212	53.25	1.31319E-002	1.30973E-002	-1.13719E-003	...........	-327.63
	213	53.5	1.31360E-002	1.31356E-002	-1.15059E-003	...........	-327.63
	214	53.75	1.31324E-002	1.30144E-002	-1.16086E-003	...........	-327.63
	215	54	1.31171E-002	1.30026E-002	-1.13399E-003	...........	-327.63
	216	54.25	1.30859E-002	1.28683E-002	-1.13746E-003	...........	-327.63
	217	54.5	1.30377E-002	1.28627E-002	-1.16079E-003	...........	-327.63
	218	54.75	1.29766E-002	1.27423E-002	-1.15432E-003	...........	-327.63
	219	55	1.29099E-002	1.27486E-002	-1.13206E-003	...........	-327.63
	220	55.25	1.28447E-002	1.26797E-002	-1.15466E-003	...........	-327.63
	221	55.5	1.27878E-002	1.27204E-002	-1.15919E-003	...........	-327.63
	222	55.75	1.27440E-002	1.26498E-002	-1.13019E-003	...........	-327.63
	223	56	1.27129E-002	1.26383E-002	-1.15559E-003	...........	-327.63
	224	56.25	1.26867E-002	1.25466E-002	-1.16939E-003	...........	-327.63
	225	56.5	1.26565E-002	1.25458E-002	-1.17246E-003	...........	-327.63
	226	56.75	1.26182E-002	1.24499E-002	-1.16726E-003	...........	-327.63
	227	57	1.25735E-002	1.24333E-002	-1.16612E-003	...........	-327.63
	228	57.25	1.25245E-002	1.23346E-002	-1.16899E-003	...........	-327.63
	229	57.5	1.24721E-002	1.23274E-002	-1.14939E-003	...........	-327.63
	230	57.75	1.24184E-002	1.22619E-002	-1.15052E-003	...........	-327.63
	231	58	1.23676E-002	1.22826E-002	-1.16899E-003	...........	-327.63
	232	58.25	1.23250E-002	1.22545E-002	-1.16426E-003	...........	-327.63
	233	58.5	1.22953E-002	1.23146E-002	-1.16752E-003	...........	-327.63
	234	58.75	1.22817E-002	1.23226E-002	-1.17879E-003	...........	-327.63
	235	59	1.22855E-002	1.23880E-002	-1.17986E-003	...........	-327.63
	236	59.25	1.23041E-002	1.23688E-002	-1.16159E-003	...........	-327.63
	237	59.5	1.23305E-002	1.24007E-002	-1.17352E-003	...........	-327.63
	238	59.75	1.23554E-002	1.23570E-002	-1.17386E-003	...........	-327.63
	239	60	1.23712E-002	1.23653E-002	-1.16732E-003	...........	-327.63
	240	60.25	1.23744E-002	1.22909E-002	-1.17506E-003	...........	-327.63
	241	60.5	1.23641E-002	1.22806E-002	-1.17459E-003	...........	-327.63
	242	60.75	1.23400E-002	1.21592E-002	-1.18526E-003	...........	-327.63
	243	61	1.23015E-002	1.21101E-002	-1.18212E-003	...........	-327.63
	244	61.25	1.22476E-002	1.20175E-002	-1.17906E-003	...........	-327.63
	245	61.5	1.21828E-002	1.20415E-002	-1.18246E-003	...........	-327.63
	246	61.75	1.21185E-002	1.19837E-002	-1.17572E-003	...........	-327.63
	247	62	1.20658E-002	1.19873E-002	-1.18179E-003	...........	-327.63
	248	62.25	1.20263E-002	1.18765E-002	-1.17772E-003	...........	-327.63
	249	62.5	1.19915E-002	1.18660E-002	-1.17299E-003	...........	-327.63
	250	62.75	1.19518E-002	1.17792E-002	-1.16592E-003	...........	-327.63
	251	63	1.19059E-002	1.18192E-002	-1.17179E-003	...........	-327.63
	252	63.25	1.18610E-002	1.17641E-002	-1.17686E-003	...........	-327.63
	253	63.5	1.18260E-002	1.18315E-002	-1.17739E-003	...........	-327.63
	254	63.75	1.18057E-002	1.17871E-002	-1.16606E-003	...........	-327.63
	255	64	1.17998E-002	1.18689E-002	-1.17906E-003	...........	-327.63
	256	64.25	1.18053E-002	1.18205E-002	-1.17792E-003	...........	-327.63
	257	64.5	1.18178E-002	1.18998E-002	-1.16099E-003	...........	-327.63
	258	64.75	1.18334E-002	1.18402E-002	-1.17479E-003	...........	-327.63
	259	65	1.18488E-002	1.19209E-002	-1.17059E-003	...........	-327.63
	260	65.25	1.18624E-002	1.18569E-002	-1.17179E-003	...........	-327.63
	261	65.5	1.18738E-002	1.19381E-002	-1.16732E-003	...........	-327.63
	262	65.75	1.18835E-002	1.18644E-002	-1.16639E-003	...........	-327.63
	263	66	1.18915E-002	1.19439E-002	-1.16779E-003	...........	-327.63
	264	66.25	1.18972E-002	1.18494E-002	-1.17646E-003	...........	-327.63
	265	66.5	1.18990E-002	1.18978E-002	-1.16819E-003	...........	-327.63
	266	66.75	1.18934E-002	1.17526E-002	-1.17219E-003	...........	-327.63
	267	67	1.18755E-002	1.17742E-002	-1.16972E-003	...........	-327.63
	268	67.25	1.18421E-002	1.16237E-002	-1.16906E-003	...........	-327.63
	269	67.5	1.17948E-002	1.16845E-002	-1.17959E-003	...........	-327.63
	270	67.75	1.17415E-002	1.15753E-002	-1.16492E-003	...........	-327.63
	271	68	1.16925E-002	1.16705E-002	-1.17206E-003	...........	-327.63
	272	68.25	1.16561E-002	1.15740E-002	-1.16672E-003	...........	-327.63
	273	68.5	1.16346E-002	1.16797E-002	-1.15999E-003	...........	-327.63
	274	68.75	1.16256E-002	1.15821E-002	-1.17199E-003	...........	-327.63
	275	69	1.16246E-002	1.16888E-002	-1.17179E-003	...........	-327.63
	276	69.25	1.16277E-002	1.15902E-002	-1.17252E-003	...........	-327.63
	277	69.5	1.16322E-002	1.16965E-002	-1.16526E-003	...........	-327.63
	278	69.75	1.16363E-002	1.15786E-002	-1.17239E-003	...........	-327.63
	279	70	1.16386E-002	1.16809E-002	-1.16146E-003	...........	-327.63
	280	70.25	1.16380E-002	1.15854E-002	-1.15779E-003	...........	-327.63
	281	70.5	1.16357E-002	1.16815E-002	-1.15979E-003	...........	-327.63
	282	70.75	1.16334E-002	1.15626E-002	-1.16079E-003	...........	-327.63
	283	71	1.16300E-002	1.16361E-002	-1.16392E-003	...........	-327.63
	284	71.25	1.16221E-002	1.15078E-002	-1.15719E-003	...........	-327.63
	285	71.5	1.16072E-002	1.15774E-002	-1.17012E-003	...........	-327.63
	286	71.75	1.15859E-002	1.14653E-002	-1.17432E-003	...........	-327.63
	287	72	1.15613E-002	1.15367E-002	-1.15406E-003	...........	-327.63
	288	72.25	1.15368E-002	1.14294E-002	-1.15846E-003	...........	-327.63
	289	72.5	1.15145E-002	1.15072E-002	-1.15799E-003	...........	-327.63
	290	72.75	1.14954E-002	1.14253E-002	-1.15499E-003	...........	-327.63
	291	73	1.14811E-002	1.15232E-002	-1.15426E-003	...........	-327.63
	292	73.25	1.14739E-002	1.14640E-002	-1.15919E-003	...........	-327.63
	293	73.5	1.14755E-002	1.15547E-002	-1.16092E-003	...........	-327.63
	294	73.75	1.14849E-002	1.14930E-002	-1.15612E-003	...........	-327.63
	295	74	1.14988E-002	1.15856E-002	-1.14252E-003	...........	-327.63
	296	74.25	1.15145E-002	1.15306E-002	-1.14479E-003	...........	-327.63
	297	74.5	1.15303E-002	1.15888E-002	-1.15606E-003	...........	-327.63
	298	74.75	1.15436E-002	1.15048E-002	-1.14312E-003	...........	-327.63
	299	75	1.15494E-002	1.15079E-002	-1.15066E-003	...........	-327.63
	300	75.25	1.15424E-002	1.14115E-002	-1.15279E-003	...........	-327.63
	301	75.5	1.15198E-002	1.14104E-002	-1.13519E-003	...........	-327.63
	302	75.75	1.14842E-002	1.13294E-002	-1.12606E-003	...........	-327.63
	303	76	1.14413E-002	1.13227E-002	-1.15132E-003	...........	-327.63
	304	76.25	1.13963E-002	1.12381E-002	-1.14486E-003	...........	-327.63
	305	76.5	1.13507E-002	1.12061E-002	-1.13219E-003	...........	-327.63
	306	76.75	1.13031E-002	1.11160E-002	-1.14119E-003	...........	-327.63
	307	77	1.12514E-002	1.10940E-002	-1.13826E-003	...........	-327.63
	308	77.25	1.11968E-002	1.10385E-002	-1.12899E-003	...........	-327.63
	309	77.5	1.11437E-002	1.10439E-002	-1.13932E-003	...........	-327.63
	310	77.75	1.10990E-002	1.10573E-002	-1.14912E-003	...........	-327.63
	311	78	1.10682E-002	1.10326E-002	-1.14499E-003	...........	-327.63
	312	78.25	1.10515E-002	1.10271E-002	-1.13086E-003	...........	-327.63
	313	78.5	1.10440E-002	1.10908E-002	-1.13086E-003	...........	-327.63
	314	78.75	1.10450E-002	1.11392E-002	-1.13312E-003	...........	-327.63
	315	79	1.10596E-002	1.11714E-002	-1.12379E-003	...........	-327.63
	316	79.25	1.10886E-002	1.12012E-002	-1.12246E-003	...........	-327.63
	317	79.5	1.11253E-002	1.12163E-002	-1.13866E-003	...........	-327.63
	318	79.75	1.11608E-002	1.12248E-002	-1.12119E-003	...........	-327.63
	319	80	1.11886E-002	1.11954E-002	-1.11846E-003	...........	-327.63
	320	80.25	1.12048E-002	1.11898E-002	-1.12026E-003	...........	-327.63
	321	80.5	1.12078E-002	1.11461E-002	-1.12679E-003	...........	-327.63
	322	80.75	1.11985E-002	1.11324E-002	-1.10446E-003	...........	-327.63
	323	81	1.11789E-002	1.10348E-002	-1.10619E-003	...........	-327.63
	324	81.25	1.11491E-002	1.10306E-002	-1.12019E-003	...........	-327.63
	325	81.5	1.11112E-002	1.10198E-002	-1.12499E-003	...........	-327.63
	326	81.75	1.10744E-002	1.10903E-002	-1.10346E-003	...........	-327.63
	327	82	1.10523E-002	1.10824E-002	-1.10872E-003	...........	-327.63
	328	82.25	1.10518E-002	1.11470E-002	-1.11506E-003	...........	-327.63
	329	82.5	1.10687E-002	1.11264E-002	-1.10319E-003	...........	-327.63
	330	82.75	1.10934E-002	1.11693E-002	-1.09672E-003	...........	-327.63
	331	83	1.11164E-002	1.10827E-002	-1.11692E-003	...........	-327.63
	332	83.25	1.11280E-002	1.10554E-002	-1.12139E-003	...........	-327.63
	333	83.5	1.11187E-002	1.08925E-002	-1.09486E-003	...........	-327.63
	334	83.75	1.10814E-002	1.08556E-002	-1.10292E-003	...........	-327.63
	335	84	1.10164E-002	1.07022E-002	-1.10459E-003	...........	-327.63
	336	84.25	1.09328E-002	1.07214E-002	-1.08652E-003	...........	-327.63
	337	84.5	1.08455E-002	1.06374E-002	-1.08572E-003	...........	-327.63
	338	84.75	1.07697E-002	1.06894E-002	-1.11172E-003	...........	-327.63
	339	85	1.07138E-002	1.05801E-002	-1.10146E-003	...........	-327.63
	340	85.25	1.06758E-002	1.06499E-002	-1.08206E-003	...........	-327.63
	341	85.5	1.06498E-002	1.05978E-002	-1.09099E-003	...........	-327.63
	342	85.75	1.06343E-002	1.07223E-002	-1.09839E-003	...........	-327.63
	343	86	1.06332E-002	1.06689E-002	-1.08386E-003	...........	-327.63
	344	86.25	1.06476E-002	1.07693E-002	-1.06739E-003	...........	-327.63
	345	86.5	1.06718E-002	1.06840E-002	-1.08072E-003	...........	-327.63
	346	86.75	1.06964E-002	1.07719E-002	-1.08366E-003	...........	-327.63
	347	87	1.07143E-002	1.06811E-002	-1.07099E-003	...........	-327.63
	348	87.25	1.07238E-002	1.07716E-002	-1.07292E-003	...........	-327.63
	349	87.5	1.07269E-002	1.06677E-002	-1.09452E-003	...........	-327.63
	350	87.75	1.07257E-002	1.07472E-002	-1.05499E-003	...........	-327.63
	351	88	1.07209E-002	1.06425E-002	-1.06039E-003	...........	-327.63
	352	88.25	1.07131E-002	1.07400E-002	-1.08312E-003	...........	-327.63
	353	88.5	1.07041E-002	1.06382E-002	-1.08559E-003	...........	-327.63
	354	88.75	1.06965E-002	1.07309E-002	-1.06579E-003	...........	-327.63
	355	89	1.06904E-002	1.06031E-002	-1.06559E-003	...........	-327.63
	356	89.25	1.06830E-002	1.06752E-002	-1.06572E-003	...........	-327.63
	357	89.5	1.06707E-002	1.05578E-002	-1.06392E-003	...........	-327.63
	358	89.75	1.06533E-002	1.06588E-002	-1.04846E-003	...........	-327.63
	359	90	1.06348E-002	1.05648E-002	-1.07046E-003	...........	-327.63
	360	90.25	1.06213E-002	1.06828E-002	-1.07266E-003	...........	-327.63
	361	90.5	1.06165E-002	1.06029E-002	-1.04459E-003	...........	-327.63
	362	90.75	1.06216E-002	1.07372E-002	-1.05446E-003	...........	-327.63
	363	91	1.06356E-002	1.06633E-002	-1.06659E-003	...........	-327.63
	364	91.25	1.06567E-002	1.07816E-002	-1.03959E-003	...........	-327.63
	365	91.5	1.06814E-002	1.07023E-002	-1.03412E-003	...........	-327.63
	366	91.75	1.07060E-002	1.08127E-002	-1.04932E-003	...........	-327.63
	367	92	1.07281E-002	1.07303E-002	-1.05359E-003	...........	-327.63
	368	92.25	1.07463E-002	1.08087E-002	-1.02046E-003	...........	-327.63
	369	92.5	1.07585E-002	1.06873E-002	-1.02899E-003	...........	-327.63
	370	92.75	1.07612E-002	1.07480E-002	-1.04686E-003	...........	-327.63
	371	93	1.07520E-002	1.06208E-002	-1.02299E-003	...........	-327.63
	372	93.25	1.07314E-002	1.06736E-002	-1.01132E-003	...........	-327.63
	373	93.5	1.07026E-002	1.05594E-002	-1.04532E-003	...........	-327.63
	374	93.75	1.06703E-002	1.06317E-002	-1.04172E-003	...........	-327.63
	375	94	1.06396E-002	1.05546E-002	-1.00312E-003	...........	-327.63
	376	94.25	1.06159E-002	1.06449E-002	-1.01039E-003	...........	-327.63
	377	94.5	1.06030E-002	1.05902E-002	-1.02952E-003	...........	-327.63
	378	94.75	1.06016E-002	1.06765E-002	-1.00706E-003	...........	-327.63
	379	95	1.06096E-002	1.06218E-002	-9.91457E-004	...........	-327.63
	380	95.25	1.06230E-002	1.07002E-002	-1.02092E-003	...........	-327.63
	381	95.5	1.06381E-002	1.06463E-002	-1.03439E-003	...........	-327.63
	382	95.75	1.06520E-002	1.06952E-002	-9.96190E-004	...........	-327.63
	383	96	1.06622E-002	1.06252E-002	-1.00266E-003	...........	-327.63
	384	96.25	1.06656E-002	1.06493E-002	-1.02746E-003	...........	-327.63
	385	96.5	1.06605E-002	1.05821E-002	-9.87190E-004	...........	-327.63
	386	96.75	1.06472E-002	1.06041E-002	-9.85924E-004	...........	-327.63
	387	97	1.06286E-002	1.05489E-002	-1.01546E-003	...........	-327.63
	388	97.25	1.06083E-002	1.05800E-002	-1.02012E-003	...........	-327.63
	389	97.5	1.05897E-002	1.05404E-002	-9.82590E-004	...........	-327.63
	390	97.75	1.05752E-002	1.05771E-002	-9.79924E-004	...........	-327.63
	391	98	1.05660E-002	1.05499E-002	-1.01026E-003	...........	-327.63
	392	98.25	1.05618E-002	1.05771E-002	-9.81990E-004	...........	-327.63
	393	98.5	1.05612E-002	1.05522E-002	-9.78524E-004	...........	-327.63
	394	98.75	1.05624E-002	1.05863E-002	-1.00766E-003	...........	-327.63
	395	99	1.05648E-002	1.05765E-002	-1.00812E-003	...........	-327.63
	396	99.25	1.05691E-002	1.05971E-002	-9.83790E-004	...........	-327.63
	397	99.5	1.05748E-002	1.05688E-002	-9.76724E-004	...........	-327.63
	398	99.75	1.05793E-002	1.05622E-002	-1.00319E-003	...........	-327.63
	399	100	1.05788E-002	1.05426E-002	-9.85257E-004	...........	-327.63
EOC	QUANT	0.0105788	Open Circuit (V)
PSTATMODEL	IQUANT	5	Pstat Model
PSTATSECTION	LABEL	REF3000-20110	Pstat Section
PSTATSERIALNO	LABEL	20110	Pstat Serial Number
CTRLMODE	IQUANT	0	Control Mode
ELECTROMETER	IQUANT	0	RE=0 or CS=1
IESTAB	IQUANT	0	I/E Stability
CASPEED	IQUANT	4	Control Amp Speed
CONVENTION	IQUANT	1	Current Convention
ICHRANGE	IQUANT	2	Ich Range
ICHRANGEMODE	TOGGLE	F	Ich Auto Range
ICHOFFSETENABLE	TOGGLE	T	Ich Offset Enable
ICHOFFSET	QUANT	0	Ich Offset (V)
ICHFILTER	IQUANT	3	Ich Filter
VCHRANGE	IQUANT	2	Vch Range
VCHRANGEMODE	TOGGLE	F	Vch Auto Range
VCHOFFSETENABLE	TOGGLE	T	Vch Offset Enable
VCHOFFSET	QUANT	0	Vch Offset (V)
VCHFILTER	IQUANT	3	Vch Filter
ACHRANGE	IQUANT	2	Ach Range
ACHOFFSETENABLE	TOGGLE	F	Ach Offset Enable
ACHOFFSET	QUANT	0	Ach Offset (V)
ACHFILTER	IQUANT	1	Ach Filter
IERANGELOWERLIMIT	IQUANT	2	I/E Range Lower Limit
IERANGEMODE	TOGGLE	F	I/E AutoRange
IERANGE	IQUANT	11	I/E Range
POSFEEDENABLE	TOGGLE	F	Positive Feedback IR Comp
POSFEEDRESISTANCE	QUANT	0	Positive Feedback Resistance (ohm)
ACHSELECT	IQUANT	4	Ach Select
SENSECABLEID	IQUANT	14	Sense Cable ID
PWRCABLEID	IQUANT	7	Power Cable ID
DCCALDATE	LABEL	8/9/2022	DC Calibration Date
ACCALDATE	LABEL	8/9/2022	AC Calibration Date
THERMOSELECT	IQUANT	1	Thermo Select
FRAMEWORKVERSION	LABEL	7.9.0	Framework Version
INSTRUMENTVERSION	LABEL	4.60	Instrument Version
COMPLIANCEVOLTAGE	IQUANT	0	Compliance Voltage
ZCURVE	TABLE
	Pt	Time	Freq	Zreal	Zimag	Zsig	Zmod	Zphz	Idc	Vdc	IERange
	#	s	Hz	ohm	ohm	V	ohm	°	A	V	#
	0	6	1000078	1688.107	-364.4976	1	1727.01	-12.1843	1.26543E-005	0.0534452	9
	1	7	630984.4	1787.684	-614.8998	1	1890.48	-18.98139	-4.163712E-007	-0.1090908	9
	2	9	398109.4	1943.773	-1007.146	1	2189.2	-27.39048	2.285398E-006	-0.0818285	8
	3	10	251203.1	2186.644	-1473.431	1	2636.742	-33.97336	-2.42783E-006	-0.0404635	8
	4	11	158578.1	2665.73	-2049.767	1	3362.687	-37.55787	5.879645E-008	-0.0272821	8
	5	13	100078.1	3466.717	-2592.261	1	4328.735	-36.78756	-1.348354E-006	-0.022398	8
	6	14	63140.62	4499.365	-2925.066	1	5366.591	-33.02816	8.413217E-007	-0.0207492	8
	7	16	39890.62	5587.041	-2949.845	1	6317.959	-27.83315	-4.286427E-007	-0.0199195	8
	8	17	25171.88	6578.031	-2727.192	1	7120.959	-22.51845	-1.261005E-006	-0.0175898	8
	9	19	15890.62	7385.152	-2298.861	1	7734.677	-17.2904	7.077857E-007	-0.0182469	8
	10	21	10078.13	7935.278	-1746.124	1	8125.121	-12.40991	4.404327E-007	-0.0195996	8
	11	22	6328.125	8299.721	-1261.998	1	8395.118	-8.645774	6.989272E-007	-0.0187983	8
	12	24	3984.375	8491.689	-883.5601	1	8537.533	-5.940249	-9.251679E-007	-0.0192483	8
	13	25	2527.573	8605.809	-633.6071	1	8629.102	-4.210834	-1.152174E-006	-0.0188193	8
	14	26	1577.524	8672.026	-474.6123	1	8685.004	-3.132622	-1.156088E-006	-0.0188903	8
	15	28	998.264	8712.31	-393.3866	1	8721.187	-2.585318	-1.262194E-006	-0.0192854	8
	16	29	627.7902	8756.77	-367.2645	1	8764.468	-2.401614	6.165067E-008	-0.0175709	8
	17	31	397.9953	8817.422	-385.4084	1	8825.841	-2.502798	-3.552811E-007	-0.0208864	8
	18	32	252.4038	8877.813	-443.5244	1	8888.885	-2.860048	-3.573334E-007	-0.0116662	8
	19	33	158.3615	8957.015	-542.764	1	8973.444	-3.467685	-3.609747E-007	-0.0194225	8
	20	35	100.4464	9048.85	-682.9801	1	9074.588	-4.31633	-3.610774E-007	-0.0092215	8
	21	36	63.3446	9163.996	-866.2468	1	9204.847	-5.399964	-3.654915E-007	-0.0046607	8
	22	38	38.42213	9327.599	-1088.477	1	9390.894	-6.655982	-3.544368E-007	-0.021597	8
	23	39	24.93351	9509.41	-1254.185	1	9591.76	-7.513306	-3.556621E-007	-0.0332612	8
	24	40	15.625	9712.69	-1476.541	1	9824.29	-8.644023	-3.459945E-007	-0.0067821	8
	25	42	9.93114	9904.62	-1610.109	1	10034.64	-9.233312	-3.283376E-007	0.0375914	8
	26	43	6.317385	10129.06	-1782.603	1	10284.72	-9.98122	-3.977589E-007	0.0508013	8
	27	45	3.945707	10393.72	-1989.562	1	10582.43	-10.83645	-3.638709E-007	0.038707	8
	28	47	2.504006	10730.88	-2219.089	1	10957.92	-11.68377	-3.413761E-007	-0.0241411	8
	29	50	1.584686	11039.2	-2429.156	1	11303.3	-12.41005	-2.941499E-007	-0.0616308	8
	30	54	0.999041	11265.85	-2413.896	1	11521.55	-12.09372	-2.316137E-007	-0.0027873	8
	31	59	0.6334459	11458.73	-2431.558	1	11713.88	-11.98053	-3.142987E-007	-0.0068401	8
	32	68	0.400641	11750.2	-2749.648	1	12067.63	-13.17071	-3.129218E-007	-0.0562398	8
	33	82	0.2520161	12032.56	-2993.998	1	12399.46	-13.97284	-3.133245E-007	-0.0848437	8
	34	102	0.1588983	12136.68	-3002.561	1	12502.57	-13.89571	-3.136407E-007	-0.094954	8
	35	134	0.1001603	12248.1	-3015.301	1	12613.8	-13.83035	-3.182665E-007	-0.1074676	8
