EXPLAIN
TAG	GALVEIS
TITLE	LABEL	Galvanostatic EIS	Test &Identifier
DATE	LABEL	19-12-2022	Date
TIME	LABEL	12:40:40	Time
NOTES	NOTES	1	&Notes...
	
PSTAT	PSTAT	REF3000-20110	Potentiostat
IDCREQ	QUANT	0.00000E+000	DC &Current (A)
FREQINIT	QUANT	1.00000E+006	Initial Fre&q. (Hz)
FREQFINAL	QUANT	1.00000E-001	Final Fre&q. (Hz)
PTSPERDEC	QUANT	5.00000E+000	Points/&decade
IACREQ	QUANT	1.00000E-004	AC &Current (A rms)
AREA	QUANT	1.00000E+000	&Area (cm^2)
CONDIT	TWOPARAM	F	1.50000E+001	0.00000E+000	Conditionin&g	Time(s)	E(V)
DELAY	TWOPARAM	T	1.00000E+002	0.00000E+000	Init. De&lay	Time(s)	Stab.(mV/s)
SPEED	SELECTOR	1	&Optimize for:
THD	SELECTOR	0	T&HD
DRIFTCOR	SELECTOR	0	&Drift Correction
ZGUESS	QUANT	5.00000E+002	E&stimated Z (ohms)
OCVCURVE	TABLE	400
	Pt	T	Vf	Vm	Ach	Over	Temp
	#	s	V vs. Ref.	V	V	bits	deg C
	0	0.25	1.37929E-002	1.37929E-002	3.54343E-004	...........	-327.63
	1	0.5	1.37919E-002	1.37421E-002	2.50076E-004	...........	-327.63
	2	0.75	1.37866E-002	1.37303E-002	3.50410E-004	...........	-327.63
	3	1	1.37735E-002	1.36929E-002	2.56543E-004	...........	-327.63
	4	1.25	1.37528E-002	1.36729E-002	3.54543E-004	...........	-327.63
	5	1.5	1.37270E-002	1.36262E-002	2.52543E-004	...........	-327.63
	6	1.75	1.36986E-002	1.36156E-002	3.51610E-004	...........	-327.63
	7	2	1.36690E-002	1.35815E-002	2.49743E-004	...........	-327.63
	8	2.25	1.36400E-002	1.35610E-002	3.49543E-004	...........	-327.63
	9	2.5	1.36124E-002	1.35220E-002	2.56610E-004	...........	-327.63
	10	2.75	1.35858E-002	1.35295E-002	3.48610E-004	...........	-327.63
	11	3	1.35606E-002	1.34800E-002	2.56543E-004	...........	-327.63
	12	3.25	1.35363E-002	1.34268E-002	3.47810E-004	...........	-327.63
	13	3.5	1.35087E-002	1.33655E-002	2.54276E-004	...........	-327.63
	14	3.75	1.34731E-002	1.33568E-002	3.50210E-004	...........	-327.63
	15	4	1.34316E-002	1.33186E-002	2.55276E-004	...........	-327.63
	16	4.25	1.33909E-002	1.32987E-002	3.58010E-004	...........	-327.63
	17	4.5	1.33545E-002	1.32120E-002	2.54076E-004	...........	-327.63
	18	4.75	1.33181E-002	1.31610E-002	3.56410E-004	...........	-327.63
	19	5	1.32746E-002	1.30847E-002	2.55210E-004	...........	-327.63
	20	5.25	1.32218E-002	1.30595E-002	3.48676E-004	...........	-327.63
	21	5.5	1.31644E-002	1.30061E-002	2.58276E-004	...........	-327.63
	22	5.75	1.31094E-002	1.29905E-002	3.54876E-004	...........	-327.63
	23	6	1.30611E-002	1.29267E-002	2.54410E-004	...........	-327.63
	24	6.25	1.30186E-002	1.29000E-002	3.59476E-004	...........	-327.63
	25	6.5	1.29783E-002	1.28377E-002	2.62010E-004	...........	-327.63
	26	6.75	1.29375E-002	1.28291E-002	3.56876E-004	...........	-327.63
	27	7	1.28968E-002	1.27847E-002	2.51010E-004	...........	-327.63
	28	7.25	1.28590E-002	1.27838E-002	3.51610E-004	...........	-327.63
	29	7.5	1.28264E-002	1.27401E-002	2.52476E-004	...........	-327.63
	30	7.75	1.27987E-002	1.27309E-002	3.55143E-004	...........	-327.63
	31	8	1.27736E-002	1.26832E-002	2.60743E-004	...........	-327.63
	32	8.25	1.27485E-002	1.26679E-002	3.55343E-004	...........	-327.63
	33	8.5	1.27215E-002	1.26120E-002	2.61343E-004	...........	-327.63
	34	8.75	1.26916E-002	1.25891E-002	3.52743E-004	...........	-327.63
	35	9	1.26580E-002	1.25124E-002	2.53410E-004	...........	-327.63
	36	9.25	1.26193E-002	1.24649E-002	3.53410E-004	...........	-327.63
	37	9.5	1.25737E-002	1.23916E-002	2.49010E-004	...........	-327.63
	38	9.75	1.25217E-002	1.23762E-002	3.50076E-004	...........	-327.63
	39	10	1.24675E-002	1.23104E-002	2.52943E-004	...........	-327.63
	40	10.25	1.24155E-002	1.22743E-002	3.56810E-004	...........	-327.63
	41	10.5	1.23673E-002	1.22439E-002	2.60876E-004	...........	-327.63
	42	10.75	1.23233E-002	1.22309E-002	3.61743E-004	...........	-327.63
	43	11	1.22848E-002	1.21787E-002	2.55343E-004	...........	-327.63
	44	11.25	1.22515E-002	1.21643E-002	3.60010E-004	...........	-327.63
	45	11.5	1.22203E-002	1.21026E-002	2.57543E-004	...........	-327.63
	46	11.75	1.21879E-002	1.20710E-002	3.56076E-004	...........	-327.63
	47	12	1.21515E-002	1.19973E-002	2.53610E-004	...........	-327.63
	48	12.25	1.21091E-002	1.19379E-002	3.57876E-004	...........	-327.63
	49	12.5	1.20587E-002	1.18284E-002	2.56943E-004	...........	-327.63
	50	12.75	1.19980E-002	1.17782E-002	3.53810E-004	...........	-327.63
	51	13	1.19279E-002	1.16858E-002	2.53676E-004	...........	-327.63
	52	13.25	1.18522E-002	1.16129E-002	3.48943E-004	...........	-327.63
	53	13.5	1.17742E-002	1.15213E-002	2.51876E-004	...........	-327.63
	54	13.75	1.16965E-002	1.15353E-002	3.48010E-004	...........	-327.63
	55	14	1.16256E-002	1.15031E-002	2.54276E-004	...........	-327.63
	56	14.25	1.15701E-002	1.14914E-002	3.54210E-004	...........	-327.63
	57	14.5	1.15321E-002	1.14449E-002	2.56743E-004	...........	-327.63
	58	14.75	1.15049E-002	1.14369E-002	3.54010E-004	...........	-327.63
	59	15	1.14806E-002	1.13837E-002	2.54610E-004	...........	-327.63
	60	15.25	1.14546E-002	1.13603E-002	3.56010E-004	...........	-327.63
	61	15.5	1.14250E-002	1.12965E-002	2.57876E-004	...........	-327.63
	62	15.75	1.13906E-002	1.12738E-002	3.52476E-004	...........	-327.63
	63	16	1.13521E-002	1.12201E-002	2.57610E-004	...........	-327.63
	64	16.25	1.13116E-002	1.12031E-002	3.59076E-004	...........	-327.63
	65	16.5	1.12717E-002	1.11562E-002	2.57810E-004	...........	-327.63
	66	16.75	1.12343E-002	1.11454E-002	3.58743E-004	...........	-327.63
	67	17	1.11999E-002	1.10980E-002	2.52943E-004	...........	-327.63
	68	17.25	1.11684E-002	1.10902E-002	3.59476E-004	...........	-327.63
	69	17.5	1.11387E-002	1.10454E-002	2.54476E-004	...........	-327.63
	70	17.75	1.11104E-002	1.10313E-002	3.57410E-004	...........	-327.63
	71	18	1.10817E-002	1.09441E-002	2.50076E-004	...........	-327.63
	72	18.25	1.10478E-002	1.08476E-002	3.52076E-004	...........	-327.63
	73	18.5	1.10008E-002	1.07640E-002	2.56610E-004	...........	-327.63
	74	18.75	1.09375E-002	1.07308E-002	3.46076E-004	...........	-327.63
	75	19	1.08653E-002	1.06908E-002	2.55276E-004	...........	-327.63
	76	19.25	1.07982E-002	1.07004E-002	3.53943E-004	...........	-327.63
	77	19.5	1.07455E-002	1.06163E-002	2.54543E-004	...........	-327.63
	78	19.75	1.07041E-002	1.05130E-002	3.50810E-004	...........	-327.63
	79	20	1.06597E-002	1.04231E-002	2.56276E-004	...........	-327.63
	80	20.25	1.05999E-002	1.03774E-002	3.50276E-004	...........	-327.63
	81	20.5	1.05274E-002	1.03306E-002	2.50610E-004	...........	-327.63
	82	20.75	1.04548E-002	1.02996E-002	3.56010E-004	...........	-327.63
	83	21	1.03926E-002	1.02841E-002	2.55543E-004	...........	-327.63
	84	21.25	1.03454E-002	1.02906E-002	3.56276E-004	...........	-327.63
	85	21.5	1.03136E-002	1.02730E-002	1.43210E-004	...........	-327.63
	86	21.75	1.02944E-002	1.02610E-002	9.59431E-005	...........	-327.63
	87	22	1.02816E-002	1.02051E-002	9.06098E-005	...........	-327.63
	88	22.25	1.02663E-002	1.01518E-002	1.00743E-004	...........	-327.63
	89	22.5	1.02403E-002	1.00594E-002	9.41431E-005	...........	-327.63
	90	22.75	1.01982E-002	9.98406E-003	9.64764E-005	...........	-327.63
	91	23	1.01397E-002	9.90468E-003	9.29431E-005	...........	-327.63
	92	23.25	1.00695E-002	9.86222E-003	1.00276E-004	...........	-327.63
	93	23.5	9.99668E-003	9.83146E-003	9.54764E-005	...........	-327.63
	94	23.75	9.93076E-003	9.78979E-003	9.56097E-005	...........	-327.63
	95	24	9.87631E-003	9.74870E-003	9.72097E-005	...........	-327.63
	96	24.25	9.83082E-003	9.68590E-003	9.64764E-005	...........	-327.63
	97	24.5	9.78739E-003	9.61317E-003	1.01343E-004	...........	-327.63
	98	24.75	9.73967E-003	9.57336E-003	9.59431E-005	...........	-327.63
	99	25	9.68623E-003	9.51674E-003	9.78098E-005	...........	-327.63
	100	25.25	9.63078E-003	9.48719E-003	9.80764E-005	...........	-327.63
	101	25.5	9.57862E-003	9.47255E-003	9.41431E-005	...........	-327.63
	102	25.75	9.53447E-003	9.46452E-003	9.65431E-005	...........	-327.63
	103	26	9.50072E-003	9.41720E-003	9.31431E-005	...........	-327.63
	104	26.25	9.47382E-003	9.35157E-003	9.66097E-005	...........	-327.63
	105	26.5	9.44456E-003	9.28751E-003	9.62764E-005	...........	-327.63
	106	26.75	9.40496E-003	9.23092E-003	9.63431E-005	...........	-327.63
	107	27	9.35468E-003	9.20103E-003	9.78764E-005	...........	-327.63
	108	27.25	9.30082E-003	9.18725E-003	9.52764E-005	...........	-327.63
	109	27.5	9.25266E-003	9.16719E-003	9.53431E-005	...........	-327.63
	110	27.75	9.21543E-003	9.14253E-003	9.61431E-005	...........	-327.63
	111	28	9.18767E-003	9.11172E-003	9.82764E-005	...........	-327.63
	112	28.25	9.16349E-003	9.05605E-003	9.71431E-005	...........	-327.63
	113	28.5	9.13620E-003	9.00324E-003	9.61431E-005	...........	-327.63
	114	28.75	9.10102E-003	8.94650E-003	1.05743E-004	...........	-327.63
	115	29	9.05700E-003	8.89392E-003	9.66764E-005	...........	-327.63
	116	29.25	9.00671E-003	8.84962E-003	9.78098E-005	...........	-327.63
	117	29.5	8.95470E-003	8.82771E-003	9.44098E-005	...........	-327.63
	118	29.75	8.90651E-003	8.82031E-003	9.31431E-005	...........	-327.63
	119	30	8.86790E-003	8.83469E-003	9.73431E-005	...........	-327.63
	120	30.25	8.84211E-003	8.79103E-003	1.01343E-004	...........	-327.63
	121	30.5	8.82561E-003	8.74248E-003	9.86764E-005	...........	-327.63
	122	30.75	8.80869E-003	8.71457E-003	1.01276E-004	...........	-327.63
	123	31	8.78497E-003	8.72220E-003	1.03143E-004	...........	-327.63
	124	31.25	8.75792E-003	8.70674E-003	9.94097E-005	...........	-327.63
	125	31.5	8.73520E-003	8.70852E-003	9.54097E-005	...........	-327.63
	126	31.75	8.71979E-003	8.67863E-003	9.80098E-005	...........	-327.63
	127	32	8.70858E-003	8.66331E-003	9.78098E-005	...........	-327.63
	128	32.25	8.69609E-003	8.61117E-003	9.58098E-005	...........	-327.63
	129	32.5	8.67784E-003	8.58680E-003	9.60098E-005	...........	-327.63
	130	32.75	8.65206E-003	8.53738E-003	9.88764E-005	...........	-327.63
	131	33	8.62023E-003	8.52662E-003	9.85431E-005	...........	-327.63
	132	33.25	8.58585E-003	8.47647E-003	9.69431E-005	...........	-327.63
	133	33.5	8.55163E-003	8.44829E-003	9.78764E-005	...........	-327.63
	134	33.75	8.51738E-003	8.38661E-003	9.74764E-005	...........	-327.63
	135	34	8.48109E-003	8.36475E-003	9.46097E-005	...........	-327.63
	136	34.25	8.44177E-003	8.29814E-003	9.90097E-005	...........	-327.63
	137	34.5	8.39987E-003	8.26934E-003	9.22764E-005	...........	-327.63
	138	34.75	8.35597E-003	8.20267E-003	9.76764E-005	...........	-327.63
	139	35	8.31068E-003	8.19041E-003	1.00610E-004	...........	-327.63
	140	35.25	8.26594E-003	8.14824E-003	9.94097E-005	...........	-327.63
	141	35.5	8.22520E-003	8.15633E-003	9.90097E-005	...........	-327.63
	142	35.75	8.19119E-003	8.09483E-003	1.00810E-004	...........	-327.63
	143	36	8.16274E-003	8.07641E-003	1.03010E-004	...........	-327.63
	144	36.25	8.13538E-003	8.03588E-003	9.91431E-005	...........	-327.63
	145	36.5	8.10680E-003	8.05409E-003	9.88764E-005	...........	-327.63
	146	36.75	8.07945E-003	8.00043E-003	9.71431E-005	...........	-327.63
	147	37	8.05578E-003	7.99886E-003	9.60764E-005	...........	-327.63
	148	37.25	8.03447E-003	7.95420E-003	9.91431E-005	...........	-327.63
	149	37.5	8.01296E-003	7.95503E-003	9.72764E-005	...........	-327.63
	150	37.75	7.99063E-003	7.91192E-003	9.99431E-005	...........	-327.63
	151	38	7.96832E-003	7.92086E-003	9.25431E-005	...........	-327.63
	152	38.25	7.94729E-003	7.88806E-003	9.18098E-005	...........	-327.63
	153	38.5	7.92891E-003	7.90711E-003	9.49431E-005	...........	-327.63
	154	38.75	7.91441E-003	7.88571E-003	1.05476E-004	...........	-327.63
	155	39	7.90451E-003	7.90627E-003	9.77431E-005	...........	-327.63
	156	39.25	7.89872E-003	7.87513E-003	1.06276E-004	...........	-327.63
	157	39.5	7.89480E-003	7.87329E-003	1.00410E-004	...........	-327.63
	158	39.75	7.88869E-003	7.80882E-003	1.01410E-004	...........	-327.63
	159	40	7.87559E-003	7.78552E-003	1.01876E-004	...........	-327.63
	160	40.25	7.85224E-003	7.72050E-003	1.02210E-004	...........	-327.63
	161	40.5	7.81926E-003	7.71542E-003	1.01010E-004	...........	-327.63
	162	40.75	7.78125E-003	7.66803E-003	9.50098E-005	...........	-327.63
	163	41	7.74417E-003	7.67681E-003	1.00743E-004	...........	-327.63
	164	41.25	7.71218E-003	7.63044E-003	1.00276E-004	...........	-327.63
	165	41.5	7.68589E-003	7.62513E-003	1.00143E-004	...........	-327.63
	166	41.75	7.66171E-003	7.51871E-003	9.74764E-005	...........	-327.63
	167	42	7.63194E-003	7.45847E-003	9.77431E-005	...........	-327.63
	168	42.25	7.58844E-003	7.36730E-003	1.01810E-004	...........	-327.63
	169	42.5	7.52979E-003	7.34511E-003	9.88764E-005	...........	-327.63
	170	42.75	7.46353E-003	7.28188E-003	9.66097E-005	...........	-327.63
	171	43	7.40034E-003	7.28381E-003	1.01343E-004	...........	-327.63
	172	43.25	7.34726E-003	7.22950E-003	9.64764E-005	...........	-327.63
	173	43.5	7.30553E-003	7.22523E-003	1.00276E-004	...........	-327.63
	174	43.75	7.27193E-003	7.16442E-003	9.94097E-005	...........	-327.63
	175	44	7.24207E-003	7.17511E-003	9.95431E-005	...........	-327.63
	176	44.25	7.21375E-003	7.12707E-003	1.01210E-004	...........	-327.63
	177	44.5	7.18756E-003	7.14152E-003	9.64098E-005	...........	-327.63
	178	44.75	7.16446E-003	7.08558E-003	9.52097E-005	...........	-327.63
	179	45	7.14377E-003	7.09555E-003	9.96764E-005	...........	-327.63
	180	45.25	7.12331E-003	7.02252E-003	9.57431E-005	...........	-327.63
	181	45.5	7.10025E-003	7.01074E-003	9.86097E-005	...........	-327.63
	182	45.75	7.07228E-003	6.95287E-003	1.00010E-004	...........	-327.63
	183	46	7.03977E-003	6.95876E-003	9.71431E-005	...........	-327.63
	184	46.25	7.00593E-003	6.89411E-003	9.76764E-005	...........	-327.63
	185	46.5	6.97363E-003	6.90348E-003	1.02743E-004	...........	-327.63
	186	46.75	6.94376E-003	6.85292E-003	9.40097E-005	...........	-327.63
	187	47	6.91617E-003	6.84340E-003	9.81431E-005	...........	-327.63
	188	47.25	6.88929E-003	6.76652E-003	9.72097E-005	...........	-327.63
	189	47.5	6.85979E-003	6.75390E-003	1.01410E-004	...........	-327.63
	190	47.75	6.82533E-003	6.69417E-003	9.56764E-005	...........	-327.63
	191	48	6.78719E-003	6.68946E-003	9.95431E-005	...........	-327.63
	192	48.25	6.74873E-003	6.62481E-003	9.74764E-005	...........	-327.63
	193	48.5	6.71203E-003	6.62506E-003	1.03410E-004	...........	-327.63
	194	48.75	6.67741E-003	6.56737E-003	9.42098E-005	...........	-327.63
	195	49	6.64467E-003	6.56509E-003	1.00210E-004	...........	-327.63
	196	49.25	6.61343E-003	6.50458E-003	9.94097E-005	...........	-327.63
	197	49.5	6.58288E-003	6.50100E-003	9.63431E-005	...........	-327.63
	198	49.75	6.55226E-003	6.44427E-003	9.73431E-005	...........	-327.63
	199	50	6.52124E-003	6.43238E-003	9.75431E-005	...........	-327.63
	200	50.25	6.48940E-003	6.36451E-003	9.11431E-005	...........	-327.63
	201	50.5	6.45570E-003	6.34944E-003	9.72097E-005	...........	-327.63
	202	50.75	6.41950E-003	6.29392E-003	9.48097E-005	...........	-327.63
	203	51	6.38197E-003	6.29093E-003	9.72764E-005	...........	-327.63
	204	51.25	6.34556E-003	6.23962E-003	9.36097E-005	...........	-327.63
	205	51.5	6.31205E-003	6.23202E-003	9.84097E-005	...........	-327.63
	206	51.75	6.28139E-003	6.18508E-003	8.87431E-005	...........	-327.63
	207	52	6.25266E-003	6.18603E-003	9.67431E-005	...........	-327.63
	208	52.25	6.22555E-003	6.13946E-003	9.32098E-005	...........	-327.63
	209	52.5	6.20037E-003	6.15336E-003	1.01743E-004	...........	-327.63
	210	52.75	6.17811E-003	6.13066E-003	9.95431E-005	...........	-327.63
	211	53	6.16062E-003	6.15471E-003	9.82764E-005	...........	-327.63
	212	53.25	6.14958E-003	6.14040E-003	9.60098E-005	...........	-327.63
	213	53.5	6.14503E-003	6.16096E-003	9.73431E-005	...........	-327.63
	214	53.75	6.14493E-003	6.12804E-003	9.71431E-005	...........	-327.63
	215	54	6.14550E-003	6.13318E-003	9.70764E-005	...........	-327.63
	216	54.25	6.14287E-003	6.09487E-003	9.26098E-005	...........	-327.63
	217	54.5	6.13504E-003	6.09747E-003	9.98098E-005	...........	-327.63
	218	54.75	6.12246E-003	6.06435E-003	9.51431E-005	...........	-327.63
	219	55	6.10701E-003	6.06332E-003	9.90097E-005	...........	-327.63
	220	55.25	6.09034E-003	6.02509E-003	1.00343E-004	...........	-327.63
	221	55.5	6.07290E-003	6.02094E-003	1.00810E-004	...........	-327.63
	222	55.75	6.05445E-003	5.98585E-003	9.64098E-005	...........	-327.63
	223	56	6.03503E-003	5.98048E-003	1.02076E-004	...........	-327.63
	224	56.25	6.01516E-003	5.95097E-003	9.83431E-005	...........	-327.63
	225	56.5	5.99561E-003	5.95011E-003	1.02276E-004	...........	-327.63
	226	56.75	5.97716E-003	5.92028E-003	9.37431E-005	...........	-327.63
	227	57	5.95990E-003	5.91010E-003	1.06010E-004	...........	-327.63
	228	57.25	5.94307E-003	5.88681E-003	1.02676E-004	...........	-327.63
	229	57.5	5.92586E-003	5.86867E-003	1.00743E-004	...........	-327.63
	230	57.75	5.90769E-003	5.83890E-003	1.02743E-004	...........	-327.63
	231	58	5.88800E-003	5.82010E-003	1.02143E-004	...........	-327.63
	232	58.25	5.86662E-003	5.79953E-003	9.97431E-005	...........	-327.63
	233	58.5	5.84455E-003	5.78576E-003	1.04743E-004	...........	-327.63
	234	58.75	5.82347E-003	5.77440E-003	1.00610E-004	...........	-327.63
	235	59	5.80465E-003	5.75511E-003	1.01010E-004	...........	-327.63
	236	59.25	5.78805E-003	5.74067E-003	1.00543E-004	...........	-327.63
	237	59.5	5.77232E-003	5.71328E-003	9.96097E-005	...........	-327.63
	238	59.75	5.75592E-003	5.70314E-003	1.01876E-004	...........	-327.63
	239	60	5.73810E-003	5.67131E-003	1.03476E-004	...........	-327.63
	240	60.25	5.71916E-003	5.66949E-003	9.88098E-005	...........	-327.63
	241	60.5	5.70005E-003	5.64273E-003	1.02276E-004	...........	-327.63
	242	60.75	5.68190E-003	5.63907E-003	1.02276E-004	...........	-327.63
	243	61	5.66479E-003	5.59298E-003	1.04943E-004	...........	-327.63
	244	61.25	5.64701E-003	5.57956E-003	1.06476E-004	...........	-327.63
	245	61.5	5.62607E-003	5.52647E-003	1.04143E-004	...........	-327.63
	246	61.75	5.60084E-003	5.52359E-003	1.01743E-004	...........	-327.63
	247	62	5.57253E-003	5.47507E-003	1.02943E-004	...........	-327.63
	248	62.25	5.54369E-003	5.48102E-003	1.00743E-004	...........	-327.63
	249	62.5	5.51693E-003	5.45421E-003	1.01543E-004	...........	-327.63
	250	62.75	5.49473E-003	5.47775E-003	1.02076E-004	...........	-327.63
	251	63	5.47851E-003	5.42612E-003	1.02876E-004	...........	-327.63
	252	63.25	5.46543E-003	5.37568E-003	9.92097E-005	...........	-327.63
	253	63.5	5.44679E-003	5.28159E-003	1.00276E-004	...........	-327.63
	254	63.75	5.41360E-003	5.24729E-003	9.77431E-005	...........	-327.63
	255	64	5.36499E-003	5.19477E-003	9.88764E-005	...........	-327.63
	256	64.25	5.30936E-003	5.18219E-003	9.76764E-005	...........	-327.63
	257	64.5	5.25645E-003	5.10570E-003	1.01543E-004	...........	-327.63
	258	64.75	5.20984E-003	5.10497E-003	9.76764E-005	...........	-327.63
	259	65	5.16811E-003	5.04462E-003	1.01210E-004	...........	-327.63
	260	65.25	5.12993E-003	5.04842E-003	1.01476E-004	...........	-327.63
	261	65.5	5.09494E-003	4.97076E-003	9.34764E-005	...........	-327.63
	262	65.75	5.06138E-003	4.95519E-003	9.59431E-005	...........	-327.63
	263	66	5.02582E-003	4.87218E-003	9.74764E-005	...........	-327.63
	264	66.25	4.98584E-003	4.86380E-003	9.68764E-005	...........	-327.63
	265	66.5	4.94235E-003	4.80921E-003	9.68097E-005	...........	-327.63
	266	66.75	4.89939E-003	4.81557E-003	1.00210E-004	...........	-327.63
	267	67	4.86116E-003	4.75699E-003	9.40097E-005	...........	-327.63
	268	67.25	4.82872E-003	4.75627E-003	1.00743E-004	...........	-327.63
	269	67.5	4.79982E-003	4.69282E-003	9.56764E-005	...........	-327.63
	270	67.75	4.77113E-003	4.67732E-003	1.01476E-004	...........	-327.63
	271	68	4.74018E-003	4.62018E-003	9.95431E-005	...........	-327.63
	272	68.25	4.70663E-003	4.62151E-003	1.00876E-004	...........	-327.63
	273	68.5	4.67295E-003	4.59081E-003	9.55431E-005	...........	-327.63
	274	68.75	4.64389E-003	4.63662E-003	9.56764E-005	...........	-327.63
	275	69	4.62512E-003	4.64514E-003	9.42098E-005	...........	-327.63
	276	69.25	4.62082E-003	4.68389E-003	9.74097E-005	...........	-327.63
	277	69.5	4.62986E-003	4.65538E-003	9.24764E-005	...........	-327.63
	278	69.75	4.64461E-003	4.65891E-003	9.96764E-005	...........	-327.63
	279	70	4.65505E-003	4.60560E-003	9.43431E-005	...........	-327.63
	280	70.25	4.65428E-003	4.59656E-003	1.04343E-004	...........	-327.63
	281	70.5	4.64103E-003	4.55194E-003	9.80764E-005	...........	-327.63
	282	70.75	4.61906E-003	4.56537E-003	9.88098E-005	...........	-327.63
	283	71	4.59496E-003	4.54409E-003	9.35431E-005	...........	-327.63
	284	71.25	4.57513E-003	4.57377E-003	9.95431E-005	...........	-327.63
	285	71.5	4.56311E-003	4.54599E-003	1.02810E-004	...........	-327.63
	286	71.75	4.55768E-003	4.53754E-003	1.02210E-004	...........	-327.63
	287	72	4.55309E-003	4.48373E-003	9.50764E-005	...........	-327.63
	288	72.25	4.54252E-003	4.46826E-003	1.02010E-004	...........	-327.63
	289	72.5	4.52259E-003	4.40968E-003	9.61431E-005	...........	-327.63
	290	72.75	4.49399E-003	4.38290E-003	1.03143E-004	...........	-327.63
	291	73	4.45879E-003	4.31103E-003	9.82097E-005	...........	-327.63
	292	73.25	4.41832E-003	4.28202E-003	1.06276E-004	...........	-327.63
	293	73.5	4.37381E-003	4.22959E-003	1.01543E-004	...........	-327.63
	294	73.75	4.32805E-003	4.22052E-003	1.02276E-004	...........	-327.63
	295	74	4.28530E-003	4.19044E-003	9.80764E-005	...........	-327.63
	296	74.25	4.24945E-003	4.19711E-003	1.05076E-004	...........	-327.63
	297	74.5	4.22247E-003	4.17609E-003	9.91431E-005	...........	-327.63
	298	74.75	4.20359E-003	4.16336E-003	1.06076E-004	...........	-327.63
	299	75	4.18893E-003	4.11558E-003	9.95431E-005	...........	-327.63
	300	75.25	4.17283E-003	4.09639E-003	1.01543E-004	...........	-327.63
	301	75.5	4.15176E-003	4.07584E-003	9.90764E-005	...........	-327.63
	302	75.75	4.12755E-003	4.08925E-003	1.04343E-004	...........	-327.63
	303	76	4.10595E-003	4.07543E-003	9.88764E-005	...........	-327.63
	304	76.25	4.09079E-003	4.05528E-003	1.07210E-004	...........	-327.63
	305	76.5	4.07973E-003	4.01495E-003	9.65431E-005	...........	-327.63
	306	76.75	4.06669E-003	4.00065E-003	1.03476E-004	...........	-327.63
	307	77	4.04830E-003	3.98346E-003	1.01143E-004	...........	-327.63
	308	77.25	4.02695E-003	3.98839E-003	1.03076E-004	...........	-327.63
	309	77.5	4.00783E-003	3.98108E-003	1.01343E-004	...........	-327.63
	310	77.75	3.99451E-003	3.98505E-003	1.08143E-004	...........	-327.63
	311	78	3.98712E-003	3.97803E-003	1.00343E-004	...........	-327.63
	312	78.25	3.98357E-003	3.97984E-003	1.01076E-004	...........	-327.63
	313	78.5	3.98152E-003	3.96884E-003	1.01476E-004	...........	-327.63
	314	78.75	3.97871E-003	3.93887E-003	1.01010E-004	...........	-327.63
	315	79	3.97183E-003	3.89407E-003	1.01476E-004	...........	-327.63
	316	79.25	3.95707E-003	3.87098E-003	1.01010E-004	...........	-327.63
	317	79.5	3.93465E-003	3.89900E-003	9.87431E-005	...........	-327.63
	318	79.75	3.91236E-003	3.92337E-003	1.00143E-004	...........	-327.63
	319	80	3.90089E-003	3.94762E-003	1.01943E-004	...........	-327.63
	320	80.25	3.90436E-003	3.94216E-003	1.09210E-004	...........	-327.63
	321	80.5	3.91724E-003	3.93864E-003	1.03876E-004	...........	-327.63
	322	80.75	3.92983E-003	3.91925E-003	1.04543E-004	...........	-327.63
	323	81	3.93560E-003	3.92662E-003	1.00676E-004	...........	-327.63
	324	81.25	3.93426E-003	3.91785E-003	1.06476E-004	...........	-327.63
	325	81.5	3.92963E-003	3.92638E-003	1.04943E-004	...........	-327.63
	326	81.75	3.92493E-003	3.89252E-003	1.06276E-004	...........	-327.63
	327	82	3.91944E-003	3.87165E-003	1.03010E-004	...........	-327.63
	328	82.25	3.90837E-003	3.77703E-003	1.01010E-004	...........	-327.63
	329	82.5	3.88471E-003	3.71011E-003	1.03676E-004	...........	-327.63
	330	82.75	3.84331E-003	3.64011E-003	1.01343E-004	...........	-327.63
	331	83	3.78662E-003	3.62448E-003	1.00810E-004	...........	-327.63
	332	83.25	3.72489E-003	3.56786E-003	1.02343E-004	...........	-327.63
	333	83.5	3.66875E-003	3.56683E-003	1.01143E-004	...........	-327.63
	334	83.75	3.62329E-003	3.53561E-003	1.00943E-004	...........	-327.63
	335	84	3.58944E-003	3.56139E-003	1.00543E-004	...........	-327.63
	336	84.25	3.56711E-003	3.54631E-003	1.04010E-004	...........	-327.63
	337	84.5	3.55602E-003	3.58978E-003	1.01410E-004	...........	-327.63
	338	84.75	3.55539E-003	3.59188E-003	1.07676E-004	...........	-327.63
	339	85	3.56384E-003	3.62777E-003	1.03543E-004	...........	-327.63
	340	85.25	3.57884E-003	3.62642E-003	1.01743E-004	...........	-327.63
	341	85.5	3.59668E-003	3.64352E-003	1.02676E-004	...........	-327.63
	342	85.75	3.61252E-003	3.58769E-003	1.01743E-004	...........	-327.63
	343	86	3.62027E-003	3.57512E-003	9.54764E-005	...........	-327.63
	344	86.25	3.61476E-003	3.51491E-003	1.05810E-004	...........	-327.63
	345	86.5	3.59538E-003	3.50553E-003	1.02143E-004	...........	-327.63
	346	86.75	3.56619E-003	3.45002E-003	1.00143E-004	...........	-327.63
	347	87	3.53290E-003	3.45812E-003	1.03743E-004	...........	-327.63
	348	87.25	3.50070E-003	3.42464E-003	1.08476E-004	...........	-327.63
	349	87.5	3.47396E-003	3.46100E-003	1.03210E-004	...........	-327.63
	350	87.75	3.45607E-003	3.44664E-003	9.94097E-005	...........	-327.63
	351	88	3.44881E-003	3.49385E-003	1.04876E-004	...........	-327.63
	352	88.25	3.45164E-003	3.48017E-003	1.00210E-004	...........	-327.63
	353	88.5	3.46188E-003	3.51857E-003	1.01943E-004	...........	-327.63
	354	88.75	3.47544E-003	3.48732E-003	9.90764E-005	...........	-327.63
	355	89	3.48805E-003	3.51809E-003	1.04410E-004	...........	-327.63
	356	89.25	3.49653E-003	3.47148E-003	1.02676E-004	...........	-327.63
	357	89.5	3.49919E-003	3.48737E-003	1.02743E-004	...........	-327.63
	358	89.75	3.49546E-003	3.43842E-003	9.76098E-005	...........	-327.63
	359	90	3.48575E-003	3.44678E-003	1.00810E-004	...........	-327.63
	360	90.25	3.47122E-003	3.39206E-003	1.02276E-004	...........	-327.63
	361	90.5	3.45272E-003	3.38596E-003	1.02743E-004	...........	-327.63
	362	90.75	3.43020E-003	3.31807E-003	9.80764E-005	...........	-327.63
	363	91	3.40308E-003	3.31457E-003	1.07143E-004	...........	-327.63
	364	91.25	3.37192E-003	3.26061E-003	9.96764E-005	...........	-327.63
	365	91.5	3.33882E-003	3.24826E-003	1.07543E-004	...........	-327.63
	366	91.75	3.30554E-003	3.18733E-003	9.88098E-005	...........	-327.63
	367	92	3.27231E-003	3.18790E-003	1.02810E-004	...........	-327.63
	368	92.25	3.23966E-003	3.15308E-003	1.01676E-004	...........	-327.63
	369	92.5	3.21016E-003	3.17252E-003	9.78764E-005	...........	-327.63
	370	92.75	3.18699E-003	3.14454E-003	1.01676E-004	...........	-327.63
	371	93	3.17157E-003	3.17317E-003	1.01210E-004	...........	-327.63
	372	93.25	3.16304E-003	3.14308E-003	9.43431E-005	...........	-327.63
	373	93.5	3.15922E-003	3.17079E-003	1.02476E-004	...........	-327.63
	374	93.75	3.15788E-003	3.14662E-003	9.72764E-005	...........	-327.63
	375	94	3.15765E-003	3.17108E-003	9.42764E-005	...........	-327.63
	376	94.25	3.15792E-003	3.14564E-003	9.49431E-005	...........	-327.63
	377	94.5	3.15819E-003	3.16757E-003	9.84097E-005	...........	-327.63
	378	94.75	3.15800E-003	3.14132E-003	9.38098E-005	...........	-327.63
	379	95	3.15663E-003	3.13862E-003	9.67431E-005	...........	-327.63
	380	95.25	3.15156E-003	3.05639E-003	9.20764E-005	...........	-327.63
	381	95.5	3.13793E-003	3.04255E-003	1.01343E-004	...........	-327.63
	382	95.75	3.11249E-003	2.98675E-003	9.14097E-005	...........	-327.63
	383	96	3.07759E-003	2.96484E-003	1.02943E-004	...........	-327.63
	384	96.25	3.03841E-003	2.90341E-003	9.26098E-005	...........	-327.63
	385	96.5	2.99854E-003	2.90231E-003	1.06410E-004	...........	-327.63
	386	96.75	2.96068E-003	2.88063E-003	1.00143E-004	...........	-327.63
	387	97	2.92919E-003	2.91591E-003	1.04476E-004	...........	-327.63
	388	97.25	2.90894E-003	2.90632E-003	1.02143E-004	...........	-327.63
	389	97.5	2.90184E-003	2.94164E-003	1.02743E-004	...........	-327.63
	390	97.75	2.90557E-003	2.93270E-003	1.02810E-004	...........	-327.63
	391	98	2.91585E-003	2.97408E-003	1.04143E-004	...........	-327.63
	392	98.25	2.92942E-003	2.96848E-003	1.04010E-004	...........	-327.63
	393	98.5	2.94449E-003	2.99468E-003	1.06543E-004	...........	-327.63
	394	98.75	2.95934E-003	2.97588E-003	1.01210E-004	...........	-327.63
	395	99	2.97133E-003	2.97694E-003	1.06343E-004	...........	-327.63
	396	99.25	2.97734E-003	2.93641E-003	1.02143E-004	...........	-327.63
	397	99.5	2.97456E-003	2.91009E-003	1.00010E-004	...........	-327.63
	398	99.75	2.96077E-003	2.83594E-003	9.79431E-005	...........	-327.63
	399	100	2.93427E-003	2.78844E-003	9.92097E-005	...........	-327.63
EOC	QUANT	0.0029343	Open Circuit (V)
PSTATMODEL	IQUANT	5	Pstat Model
PSTATSECTION	LABEL	REF3000-20110	Pstat Section
PSTATSERIALNO	LABEL	20110	Pstat Serial Number
CTRLMODE	IQUANT	0	Control Mode
ELECTROMETER	IQUANT	0	RE=0 or CS=1
IESTAB	IQUANT	0	I/E Stability
CASPEED	IQUANT	4	Control Amp Speed
CONVENTION	IQUANT	1	Current Convention
ICHRANGE	IQUANT	2	Ich Range
ICHRANGEMODE	TOGGLE	F	Ich Auto Range
ICHOFFSETENABLE	TOGGLE	T	Ich Offset Enable
ICHOFFSET	QUANT	0	Ich Offset (V)
ICHFILTER	IQUANT	3	Ich Filter
VCHRANGE	IQUANT	2	Vch Range
VCHRANGEMODE	TOGGLE	F	Vch Auto Range
VCHOFFSETENABLE	TOGGLE	T	Vch Offset Enable
VCHOFFSET	QUANT	0	Vch Offset (V)
VCHFILTER	IQUANT	3	Vch Filter
ACHRANGE	IQUANT	2	Ach Range
ACHOFFSETENABLE	TOGGLE	F	Ach Offset Enable
ACHOFFSET	QUANT	0	Ach Offset (V)
ACHFILTER	IQUANT	1	Ach Filter
IERANGELOWERLIMIT	IQUANT	2	I/E Range Lower Limit
IERANGEMODE	TOGGLE	F	I/E AutoRange
IERANGE	IQUANT	11	I/E Range
POSFEEDENABLE	TOGGLE	F	Positive Feedback IR Comp
POSFEEDRESISTANCE	QUANT	0	Positive Feedback Resistance (ohm)
ACHSELECT	IQUANT	4	Ach Select
SENSECABLEID	IQUANT	14	Sense Cable ID
PWRCABLEID	IQUANT	7	Power Cable ID
DCCALDATE	LABEL	8/9/2022	DC Calibration Date
ACCALDATE	LABEL	8/9/2022	AC Calibration Date
THERMOSELECT	IQUANT	1	Thermo Select
FRAMEWORKVERSION	LABEL	7.9.0	Framework Version
INSTRUMENTVERSION	LABEL	4.60	Instrument Version
COMPLIANCEVOLTAGE	IQUANT	0	Compliance Voltage
ZCURVE	TABLE
	Pt	Time	Freq	Zreal	Zimag	Zsig	Zmod	Zphz	Idc	Vdc	IERange
	#	s	Hz	ohm	ohm	V	ohm	°	A	V	#
	0	5	1000078	1481.147	-345.7992	1	1520.978	-13.14129	2.377779E-007	0.0290653	9
	1	7	630984.4	1652.611	-491.0616	1	1724.026	-16.54894	-4.894301E-006	-0.1032609	9
	2	8	398109.4	1912.172	-639.7192	1	2016.344	-18.49772	-1.509889E-006	-0.0903013	8
	3	9	251203.1	2176.366	-640.5339	1	2268.667	-16.39987	4.7657E-006	-0.0711616	8
	4	11	158578.1	2410.727	-551.2754	1	2472.955	-12.8807	4.03388E-007	-0.0626289	8
	5	12	100078.1	2575.009	-419.6672	1	2608.983	-9.25651	7.354399E-007	-0.0614958	8
	6	13	63140.62	2662.246	-308.558	1	2680.067	-6.611163	5.344951E-007	-0.0615384	8
	7	15	39890.62	2711.426	-228.7675	1	2721.06	-4.822718	6.985597E-007	-0.0606983	8
	8	16	25171.88	2744.489	-173.8483	1	2749.989	-3.624531	-5.587755E-007	-0.0603695	8
	9	17	15890.62	2769.325	-135.7622	1	2772.651	-2.806596	6.728905E-007	-0.060484	8
	10	19	10078.13	2789.808	-113.1905	1	2792.103	-2.32338	4.566789E-008	-0.0593649	8
	11	20	6328.125	2808.775	-102.5526	1	2810.646	-2.091026	-1.453304E-006	-0.0603706	8
	12	22	3984.375	2828.373	-101.346	1	2830.188	-2.05214	-1.310029E-006	-0.0614687	8
	13	23	2527.573	2849.915	-106.9328	1	2851.921	-2.14881	-1.298865E-006	-0.0615793	8
	14	24	1577.524	2874.756	-119.4401	1	2877.236	-2.379151	-9.547833E-007	-0.0606138	8
	15	26	998.264	2900.897	-139.0812	1	2904.229	-2.744898	6.910349E-007	-0.0641898	8
	16	27	627.7902	2931.652	-168.7255	1	2936.503	-3.293913	-1.144971E-006	-0.0640989	8
	17	28	397.9953	2966.651	-210.4732	1	2974.108	-4.058129	-3.640918E-007	-0.0612243	8
	18	30	252.4038	3005.736	-269.3049	1	3017.776	-5.119858	-3.62118E-007	-0.0665527	8
	19	31	158.3615	3053.421	-353.9776	1	3073.87	-6.61268	-3.605172E-007	-0.0684514	8
	20	32	100.4464	3111.205	-464.2922	1	3145.658	-8.487741	-3.669128E-007	-0.0717639	8
	21	34	63.3446	3184.879	-600.2501	1	3240.949	-10.67327	-3.634153E-007	-0.0715829	8
	22	35	38.42213	3293.897	-792.2928	1	3387.844	-13.52464	-3.844203E-007	-0.0396397	8
	23	36	24.93351	3413.906	-955.717	1	3545.158	-15.6395	-3.601313E-007	-0.0153296	8
	24	38	15.625	3585.029	-1138.723	1	3761.532	-17.62156	-3.693637E-007	0.0058741	8
	25	39	9.93114	3730.753	-1250.9	1	3934.879	-18.536	-3.79094E-007	-0.014486	8
	26	41	6.317385	3909.03	-1267.741	1	4109.462	-17.96845	-4.151698E-007	-0.0540888	8
	27	42	3.945707	4129.171	-1569.236	1	4417.302	-20.80862	-3.618304E-007	-0.0187722	8
	28	45	2.504006	4459.387	-1817.36	1	4815.489	-22.17265	-3.467624E-007	-0.0232205	8
	29	49	1.584686	4931.653	-2264.98	1	5426.909	-24.66809	-2.253741E-007	-0.0419789	8
	30	55	0.999041	5507.979	-3061.768	1	6301.766	-29.06874	-2.667596E-007	0.1250601	8
	31	60	0.6334459	6363.616	-3869.128	1	7447.533	-31.29992	-3.189313E-007	0.1351919	8
	32	69	0.400641	7405.661	-4748.509	1	8797.281	-32.66799	-3.19063E-007	0.1069134	8
	33	82	0.2520161	7881.664	-5068.667	1	9370.807	-32.74492	-3.20045E-007	0.0858563	8
	34	103	0.1588983	8104.047	-5125.428	1	9588.83	-32.31142	-3.2005E-007	0.060802	8
	35	135	0.1001603	8345.117	-5268.079	1	9868.82	-32.26327	-3.247425E-007	0.0480619	8
