EXPLAIN
TAG	GALVEIS
TITLE	LABEL	Galvanostatic EIS	Test &Identifier
DATE	LABEL	6-12-2022	Date
TIME	LABEL	15:37:48	Time
NOTES	NOTES	1	&Notes...
	
PSTAT	PSTAT	REF3000-20110	Potentiostat
IDCREQ	QUANT	0.00000E+000	DC &Current (A)
FREQINIT	QUANT	1.00000E+005	Initial Fre&q. (Hz)
FREQFINAL	QUANT	1.00000E+000	Final Fre&q. (Hz)
PTSPERDEC	QUANT	1.00000E+001	Points/&decade
IACREQ	QUANT	1.00000E-003	AC &Current (A rms)
AREA	QUANT	1.00000E+000	&Area (cm^2)
CONDIT	TWOPARAM	F	1.50000E+001	0.00000E+000	Conditionin&g	Time(s)	E(V)
DELAY	TWOPARAM	T	1.00000E+002	0.00000E+000	Init. De&lay	Time(s)	Stab.(mV/s)
SPEED	SELECTOR	1	&Optimize for:
THD	SELECTOR	0	T&HD
DRIFTCOR	SELECTOR	0	&Drift Correction
ZGUESS	QUANT	1.00000E+001	E&stimated Z (ohms)
OCVCURVE	TABLE	400
	Pt	T	Vf	Vm	Ach	Over	Temp
	#	s	V vs. Ref.	V	V	bits	deg C
	0	0.25	-2.14755E-002	-2.14755E-002	4.33610E-004	...........	-327.63
	1	0.5	-2.14734E-002	-2.13686E-002	3.16076E-004	...........	-327.63
	2	0.75	-2.14614E-002	-2.12922E-002	4.34143E-004	...........	-327.63
	3	1	-2.14282E-002	-2.11871E-002	3.13210E-004	...........	-327.63
	4	1.25	-2.13698E-002	-2.11094E-002	4.33276E-004	...........	-327.63
	5	1.5	-2.12917E-002	-2.10034E-002	3.18010E-004	...........	-327.63
	6	1.75	-2.12033E-002	-2.09275E-002	4.27676E-004	...........	-327.63
	7	2	-2.11115E-002	-2.08274E-002	3.13810E-004	...........	-327.63
	8	2.25	-2.10198E-002	-2.07558E-002	4.28076E-004	...........	-327.63
	9	2.5	-2.09300E-002	-2.06592E-002	3.13876E-004	...........	-327.63
	10	2.75	-2.08423E-002	-2.05859E-002	4.31676E-004	...........	-327.63
	11	3	-2.07563E-002	-2.04852E-002	3.13943E-004	...........	-327.63
	12	3.25	-2.06709E-002	-2.04156E-002	4.32076E-004	...........	-327.63
	13	3.5	-2.05855E-002	-2.03193E-002	3.15276E-004	...........	-327.63
	14	3.75	-2.05004E-002	-2.02431E-002	4.25610E-004	...........	-327.63
	15	4	-2.04154E-002	-2.01502E-002	3.23743E-004	...........	-327.63
	16	4.25	-2.03307E-002	-2.00819E-002	4.26610E-004	...........	-327.63
	17	4.5	-2.02468E-002	-1.99921E-002	3.21276E-004	...........	-327.63
	18	4.75	-2.01642E-002	-1.99208E-002	4.22076E-004	...........	-327.63
	19	5	-2.00830E-002	-1.98307E-002	3.16543E-004	...........	-327.63
	20	5.25	-2.00025E-002	-1.97602E-002	4.27810E-004	...........	-327.63
	21	5.5	-1.99223E-002	-1.96731E-002	3.10410E-004	...........	-327.63
	22	5.75	-1.98423E-002	-1.96028E-002	4.31810E-004	...........	-327.63
	23	6	-1.97627E-002	-1.95172E-002	3.21076E-004	...........	-327.63
	24	6.25	-1.96838E-002	-1.94493E-002	4.26476E-004	...........	-327.63
	25	6.5	-1.96054E-002	-1.93603E-002	3.15610E-004	...........	-327.63
	26	6.75	-1.95275E-002	-1.92927E-002	4.30543E-004	...........	-327.63
	27	7	-1.94497E-002	-1.92072E-002	3.19410E-004	...........	-327.63
	28	7.25	-1.93720E-002	-1.91386E-002	4.31676E-004	...........	-327.63
	29	7.5	-1.92946E-002	-1.90535E-002	3.15210E-004	...........	-327.63
	30	7.75	-1.92173E-002	-1.89822E-002	4.28543E-004	...........	-327.63
	31	8	-1.91402E-002	-1.89030E-002	3.16410E-004	...........	-327.63
	32	8.25	-1.90633E-002	-1.88346E-002	4.32343E-004	...........	-327.63
	33	8.5	-1.89872E-002	-1.87551E-002	3.15343E-004	...........	-327.63
	34	8.75	-1.89120E-002	-1.86856E-002	4.27010E-004	...........	-327.63
	35	9	-1.88375E-002	-1.86109E-002	3.16210E-004	...........	-327.63
	36	9.25	-1.87637E-002	-1.85389E-002	4.41543E-004	...........	-327.63
	37	9.5	-1.86902E-002	-1.84628E-002	3.14876E-004	...........	-327.63
	38	9.75	-1.86168E-002	-1.83900E-002	4.31076E-004	...........	-327.63
	39	10	-1.85432E-002	-1.83124E-002	3.15743E-004	...........	-327.63
	40	10.25	-1.84691E-002	-1.82421E-002	4.34010E-004	...........	-327.63
	41	10.5	-1.83947E-002	-1.81636E-002	3.14610E-004	...........	-327.63
	42	10.75	-1.83203E-002	-1.80979E-002	4.32676E-004	...........	-327.63
	43	11	-1.82464E-002	-1.80212E-002	3.16410E-004	...........	-327.63
	44	11.25	-1.81732E-002	-1.79547E-002	4.35076E-004	...........	-327.63
	45	11.5	-1.81009E-002	-1.78759E-002	3.30143E-004	...........	-327.63
	46	11.75	-1.80290E-002	-1.78129E-002	4.34476E-004	...........	-327.63
	47	12	-1.79573E-002	-1.77380E-002	3.22943E-004	...........	-327.63
	48	12.25	-1.78862E-002	-1.76731E-002	4.37343E-004	...........	-327.63
	49	12.5	-1.78156E-002	-1.75931E-002	3.11876E-004	...........	-327.63
	50	12.75	-1.77452E-002	-1.75301E-002	4.36010E-004	...........	-327.63
	51	13	-1.76743E-002	-1.74504E-002	3.19010E-004	...........	-327.63
	52	13.25	-1.76030E-002	-1.73863E-002	4.30276E-004	...........	-327.63
	53	13.5	-1.75316E-002	-1.73116E-002	3.06810E-004	...........	-327.63
	54	13.75	-1.74604E-002	-1.72500E-002	4.30876E-004	...........	-327.63
	55	14	-1.73899E-002	-1.71686E-002	3.18610E-004	...........	-327.63
	56	14.25	-1.73199E-002	-1.71106E-002	4.30876E-004	...........	-327.63
	57	14.5	-1.72501E-002	-1.70289E-002	3.19010E-004	...........	-327.63
	58	14.75	-1.71802E-002	-1.69746E-002	4.32943E-004	...........	-327.63
	59	15	-1.71106E-002	-1.68902E-002	3.20810E-004	...........	-327.63
	60	15.25	-1.70414E-002	-1.68426E-002	4.35743E-004	...........	-327.63
	61	15.5	-1.69728E-002	-1.67503E-002	3.10343E-004	...........	-327.63
	62	15.75	-1.69045E-002	-1.67051E-002	4.31610E-004	...........	-327.63
	63	16	-1.68363E-002	-1.66200E-002	3.16210E-004	...........	-327.63
	64	16.25	-1.67684E-002	-1.65765E-002	4.30543E-004	...........	-327.63
	65	16.5	-1.67016E-002	-1.64929E-002	3.11010E-004	...........	-327.63
	66	16.75	-1.66361E-002	-1.64523E-002	4.26143E-004	...........	-327.63
	67	17	-1.65718E-002	-1.63586E-002	3.12476E-004	...........	-327.63
	68	17.25	-1.65077E-002	-1.63212E-002	4.30876E-004	...........	-327.63
	69	17.5	-1.64431E-002	-1.62279E-002	3.20343E-004	...........	-327.63
	70	17.75	-1.63780E-002	-1.61902E-002	4.25876E-004	...........	-327.63
	71	18	-1.63125E-002	-1.60972E-002	3.05676E-004	...........	-327.63
	72	18.25	-1.62471E-002	-1.60650E-002	4.28610E-004	...........	-327.63
	73	18.5	-1.61821E-002	-1.59710E-002	3.14076E-004	...........	-327.63
	74	18.75	-1.61179E-002	-1.59388E-002	4.27676E-004	...........	-327.63
	75	19	-1.60544E-002	-1.58439E-002	3.15010E-004	...........	-327.63
	76	19.25	-1.59912E-002	-1.58148E-002	4.34010E-004	...........	-327.63
	77	19.5	-1.59282E-002	-1.57182E-002	3.18876E-004	...........	-327.63
	78	19.75	-1.58653E-002	-1.56847E-002	4.28876E-004	...........	-327.63
	79	20	-1.58021E-002	-1.55879E-002	3.14610E-004	...........	-327.63
	80	20.25	-1.57384E-002	-1.55630E-002	4.28010E-004	...........	-327.63
	81	20.5	-1.56748E-002	-1.54677E-002	3.13476E-004	...........	-327.63
	82	20.75	-1.56121E-002	-1.54423E-002	4.25276E-004	...........	-327.63
	83	21	-1.55506E-002	-1.53505E-002	3.16810E-004	...........	-327.63
	84	21.25	-1.54901E-002	-1.53219E-002	4.34143E-004	...........	-327.63
	85	21.5	-1.54302E-002	-1.52286E-002	1.97543E-004	...........	-327.63
	86	21.75	-1.53704E-002	-1.52020E-002	1.37676E-004	...........	-327.63
	87	22	-1.53104E-002	-1.51102E-002	1.30410E-004	...........	-327.63
	88	22.25	-1.52502E-002	-1.50763E-002	1.33276E-004	...........	-327.63
	89	22.5	-1.51899E-002	-1.49904E-002	1.39343E-004	...........	-327.63
	90	22.75	-1.51293E-002	-1.49577E-002	1.32476E-004	...........	-327.63
	91	23	-1.50688E-002	-1.48716E-002	1.33943E-004	...........	-327.63
	92	23.25	-1.50086E-002	-1.48376E-002	1.38810E-004	...........	-327.63
	93	23.5	-1.49489E-002	-1.47573E-002	1.49076E-004	...........	-327.63
	94	23.75	-1.48897E-002	-1.47197E-002	1.46410E-004	...........	-327.63
	95	24	-1.48308E-002	-1.46412E-002	1.39343E-004	...........	-327.63
	96	24.25	-1.47723E-002	-1.46014E-002	1.40276E-004	...........	-327.63
	97	24.5	-1.47139E-002	-1.45293E-002	1.40210E-004	...........	-327.63
	98	24.75	-1.46559E-002	-1.44880E-002	1.34943E-004	...........	-327.63
	99	25	-1.45985E-002	-1.44208E-002	1.39876E-004	...........	-327.63
	100	25.25	-1.45418E-002	-1.43729E-002	1.36343E-004	...........	-327.63
	101	25.5	-1.44857E-002	-1.43126E-002	1.37210E-004	...........	-327.63
	102	25.75	-1.44300E-002	-1.42634E-002	1.39410E-004	...........	-327.63
	103	26	-1.43747E-002	-1.42058E-002	1.41876E-004	...........	-327.63
	104	26.25	-1.43198E-002	-1.41481E-002	1.33276E-004	...........	-327.63
	105	26.5	-1.42648E-002	-1.40942E-002	1.26810E-004	...........	-327.63
	106	26.75	-1.42094E-002	-1.40324E-002	1.25010E-004	...........	-327.63
	107	27	-1.41533E-002	-1.39851E-002	1.32943E-004	...........	-327.63
	108	27.25	-1.40971E-002	-1.39256E-002	1.31676E-004	...........	-327.63
	109	27.5	-1.40416E-002	-1.38829E-002	1.31476E-004	...........	-327.63
	110	27.75	-1.39873E-002	-1.38212E-002	1.32143E-004	...........	-327.63
	111	28	-1.39343E-002	-1.37807E-002	1.37810E-004	...........	-327.63
	112	28.25	-1.38820E-002	-1.37090E-002	1.50210E-004	...........	-327.63
	113	28.5	-1.38295E-002	-1.36704E-002	1.35676E-004	...........	-327.63
	114	28.75	-1.37760E-002	-1.35995E-002	1.34876E-004	...........	-327.63
	115	29	-1.37218E-002	-1.35678E-002	1.37676E-004	...........	-327.63
	116	29.25	-1.36675E-002	-1.34896E-002	1.42876E-004	...........	-327.63
	117	29.5	-1.36136E-002	-1.34607E-002	1.41676E-004	...........	-327.63
	118	29.75	-1.35599E-002	-1.33817E-002	1.43076E-004	...........	-327.63
	119	30	-1.35062E-002	-1.33538E-002	1.36210E-004	...........	-327.63
	120	30.25	-1.34524E-002	-1.32706E-002	1.41543E-004	...........	-327.63
	121	30.5	-1.33984E-002	-1.32509E-002	1.44610E-004	...........	-327.63
	122	30.75	-1.33447E-002	-1.31686E-002	1.42076E-004	...........	-327.63
	123	31	-1.32917E-002	-1.31516E-002	1.37076E-004	...........	-327.63
	124	31.25	-1.32399E-002	-1.30665E-002	1.34210E-004	...........	-327.63
	125	31.5	-1.31888E-002	-1.30490E-002	1.38410E-004	...........	-327.63
	126	31.75	-1.31380E-002	-1.29632E-002	1.39276E-004	...........	-327.63
	127	32	-1.30871E-002	-1.29497E-002	1.41810E-004	...........	-327.63
	128	32.25	-1.30363E-002	-1.28660E-002	1.42743E-004	...........	-327.63
	129	32.5	-1.29859E-002	-1.28502E-002	1.36610E-004	...........	-327.63
	130	32.75	-1.29361E-002	-1.27673E-002	1.39676E-004	...........	-327.63
	131	33	-1.28865E-002	-1.27456E-002	1.37743E-004	...........	-327.63
	132	33.25	-1.28366E-002	-1.26646E-002	1.47076E-004	...........	-327.63
	133	33.5	-1.27861E-002	-1.26469E-002	1.44476E-004	...........	-327.63
	134	33.75	-1.27354E-002	-1.25657E-002	1.34210E-004	...........	-327.63
	135	34	-1.26849E-002	-1.25493E-002	1.35476E-004	...........	-327.63
	136	34.25	-1.26352E-002	-1.24736E-002	1.39343E-004	...........	-327.63
	137	34.5	-1.25865E-002	-1.24594E-002	1.47543E-004	...........	-327.63
	138	34.75	-1.25391E-002	-1.23826E-002	1.51676E-004	...........	-327.63
	139	35	-1.24927E-002	-1.23672E-002	1.49476E-004	...........	-327.63
	140	35.25	-1.24469E-002	-1.22914E-002	1.33810E-004	...........	-327.63
	141	35.5	-1.24012E-002	-1.22717E-002	1.37810E-004	...........	-327.63
	142	35.75	-1.23552E-002	-1.21980E-002	1.46543E-004	...........	-327.63
	143	36	-1.23088E-002	-1.21782E-002	1.43010E-004	...........	-327.63
	144	36.25	-1.22621E-002	-1.21096E-002	1.37276E-004	...........	-327.63
	145	36.5	-1.22157E-002	-1.20847E-002	1.28543E-004	...........	-327.63
	146	36.75	-1.21695E-002	-1.20133E-002	1.31010E-004	...........	-327.63
	147	37	-1.21232E-002	-1.19902E-002	1.29010E-004	...........	-327.63
	148	37.25	-1.20765E-002	-1.19209E-002	1.31476E-004	...........	-327.63
	149	37.5	-1.20294E-002	-1.18932E-002	1.26810E-004	...........	-327.63
	150	37.75	-1.19822E-002	-1.18273E-002	1.30476E-004	...........	-327.63
	151	38	-1.19349E-002	-1.17989E-002	1.25810E-004	...........	-327.63
	152	38.25	-1.18876E-002	-1.17357E-002	1.31276E-004	...........	-327.63
	153	38.5	-1.18407E-002	-1.17075E-002	1.36343E-004	...........	-327.63
	154	38.75	-1.17942E-002	-1.16457E-002	1.40810E-004	...........	-327.63
	155	39	-1.17483E-002	-1.16180E-002	1.38143E-004	...........	-327.63
	156	39.25	-1.17028E-002	-1.15553E-002	1.33610E-004	...........	-327.63
	157	39.5	-1.16576E-002	-1.15238E-002	1.29876E-004	...........	-327.63
	158	39.75	-1.16122E-002	-1.14664E-002	1.28810E-004	...........	-327.63
	159	40	-1.15668E-002	-1.14354E-002	1.32076E-004	...........	-327.63
	160	40.25	-1.15216E-002	-1.13826E-002	1.41210E-004	...........	-327.63
	161	40.5	-1.14771E-002	-1.13461E-002	1.40610E-004	...........	-327.63
	162	40.75	-1.14331E-002	-1.12893E-002	1.35010E-004	...........	-327.63
	163	41	-1.13889E-002	-1.12505E-002	1.36210E-004	...........	-327.63
	164	41.25	-1.13437E-002	-1.12001E-002	1.37010E-004	...........	-327.63
	165	41.5	-1.12977E-002	-1.11567E-002	1.36743E-004	...........	-327.63
	166	41.75	-1.12516E-002	-1.11096E-002	1.27810E-004	...........	-327.63
	167	42	-1.12055E-002	-1.10693E-002	1.32876E-004	...........	-327.63
	168	42.25	-1.11601E-002	-1.10253E-002	1.33610E-004	...........	-327.63
	169	42.5	-1.11156E-002	-1.09856E-002	1.28676E-004	...........	-327.63
	170	42.75	-1.10722E-002	-1.09388E-002	1.38410E-004	...........	-327.63
	171	43	-1.10294E-002	-1.08970E-002	1.39343E-004	...........	-327.63
	172	43.25	-1.09865E-002	-1.08528E-002	1.36143E-004	...........	-327.63
	173	43.5	-1.09432E-002	-1.08055E-002	1.34476E-004	...........	-327.63
	174	43.75	-1.08995E-002	-1.07640E-002	1.34010E-004	...........	-327.63
	175	44	-1.08553E-002	-1.07207E-002	1.28876E-004	...........	-327.63
	176	44.25	-1.08112E-002	-1.06804E-002	1.35476E-004	...........	-327.63
	177	44.5	-1.07676E-002	-1.06327E-002	1.41076E-004	...........	-327.63
	178	44.75	-1.07245E-002	-1.05959E-002	1.33143E-004	...........	-327.63
	179	45	-1.06817E-002	-1.05486E-002	1.33010E-004	...........	-327.63
	180	45.25	-1.06391E-002	-1.05125E-002	1.34743E-004	...........	-327.63
	181	45.5	-1.05967E-002	-1.04622E-002	1.34010E-004	...........	-327.63
	182	45.75	-1.05543E-002	-1.04223E-002	1.39076E-004	...........	-327.63
	183	46	-1.05115E-002	-1.03775E-002	1.35943E-004	...........	-327.63
	184	46.25	-1.04685E-002	-1.03476E-002	1.42476E-004	...........	-327.63
	185	46.5	-1.04262E-002	-1.02971E-002	1.39743E-004	...........	-327.63
	186	46.75	-1.03852E-002	-1.02715E-002	1.37410E-004	...........	-327.63
	187	47	-1.03454E-002	-1.02150E-002	1.30610E-004	...........	-327.63
	188	47.25	-1.03058E-002	-1.01842E-002	1.37943E-004	...........	-327.63
	189	47.5	-1.02656E-002	-1.01358E-002	1.34543E-004	...........	-327.63
	190	47.75	-1.02248E-002	-1.01045E-002	1.38876E-004	...........	-327.63
	191	48	-1.01838E-002	-1.00515E-002	1.38210E-004	...........	-327.63
	192	48.25	-1.01429E-002	-1.00196E-002	1.35810E-004	...........	-327.63
	193	48.5	-1.01016E-002	-9.96791E-003	1.35276E-004	...........	-327.63
	194	48.75	-1.00601E-002	-9.94035E-003	1.29410E-004	...........	-327.63
	195	49	-1.00186E-002	-9.88625E-003	1.35343E-004	...........	-327.63
	196	49.25	-9.97750E-003	-9.86044E-003	1.30743E-004	...........	-327.63
	197	49.5	-9.93692E-003	-9.80897E-003	1.35676E-004	...........	-327.63
	198	49.75	-9.89692E-003	-9.78551E-003	1.31210E-004	...........	-327.63
	199	50	-9.85766E-003	-9.73213E-003	1.28343E-004	...........	-327.63
	200	50.25	-9.81899E-003	-9.70597E-003	1.39210E-004	...........	-327.63
	201	50.5	-9.78037E-003	-9.65016E-003	1.40343E-004	...........	-327.63
	202	50.75	-9.74123E-003	-9.62468E-003	1.49343E-004	...........	-327.63
	203	51	-9.70148E-003	-9.57437E-003	1.40410E-004	...........	-327.63
	204	51.25	-9.66179E-003	-9.55689E-003	1.41610E-004	...........	-327.63
	205	51.5	-9.62316E-003	-9.50086E-003	1.40876E-004	...........	-327.63
	206	51.75	-9.58592E-003	-9.48487E-003	1.41210E-004	...........	-327.63
	207	52	-9.54968E-003	-9.43394E-003	1.34676E-004	...........	-327.63
	208	52.25	-9.51410E-003	-9.41415E-003	1.45343E-004	...........	-327.63
	209	52.5	-9.47896E-003	-9.36170E-003	1.45210E-004	...........	-327.63
	210	52.75	-9.44383E-003	-9.34127E-003	1.45743E-004	...........	-327.63
	211	53	-9.40824E-003	-9.28398E-003	1.49276E-004	...........	-327.63
	212	53.25	-9.37178E-003	-9.26166E-003	1.39476E-004	...........	-327.63
	213	53.5	-9.33422E-003	-9.20751E-003	1.36076E-004	...........	-327.63
	214	53.75	-9.29596E-003	-9.19177E-003	1.45276E-004	...........	-327.63
	215	54	-9.25794E-003	-9.13659E-003	1.36010E-004	...........	-327.63
	216	54.25	-9.22083E-003	-9.11999E-003	1.41343E-004	...........	-327.63
	217	54.5	-9.18456E-003	-9.06309E-003	1.46410E-004	...........	-327.63
	218	54.75	-9.14856E-003	-9.04617E-003	1.36476E-004	...........	-327.63
	219	55	-9.11238E-003	-8.99042E-003	1.29743E-004	...........	-327.63
	220	55.25	-9.07596E-003	-8.97321E-003	1.36343E-004	...........	-327.63
	221	55.5	-9.03942E-003	-8.91646E-003	1.33743E-004	...........	-327.63
	222	55.75	-9.00279E-003	-8.89891E-003	1.33076E-004	...........	-327.63
	223	56	-8.96601E-003	-8.84217E-003	1.38476E-004	...........	-327.63
	224	56.25	-8.92911E-003	-8.82679E-003	1.34276E-004	...........	-327.63
	225	56.5	-8.89228E-003	-8.77106E-003	1.41543E-004	...........	-327.63
	226	56.75	-8.85576E-003	-8.75521E-003	1.42276E-004	...........	-327.63
	227	57	-8.81962E-003	-8.69951E-003	1.40543E-004	...........	-327.63
	228	57.25	-8.78372E-003	-8.68212E-003	1.47076E-004	...........	-327.63
	229	57.5	-8.74785E-003	-8.62949E-003	1.43810E-004	...........	-327.63
	230	57.75	-8.71205E-003	-8.61254E-003	1.48410E-004	...........	-327.63
	231	58	-8.67646E-003	-8.55836E-003	1.51743E-004	...........	-327.63
	232	58.25	-8.64113E-003	-8.54354E-003	1.42143E-004	...........	-327.63
	233	58.5	-8.60602E-003	-8.48971E-003	1.38943E-004	...........	-327.63
	234	58.75	-8.57107E-003	-8.46995E-003	1.39076E-004	...........	-327.63
	235	59	-8.53599E-003	-8.41735E-003	1.42943E-004	...........	-327.63
	236	59.25	-8.50054E-003	-8.39979E-003	1.36610E-004	...........	-327.63
	237	59.5	-8.46484E-003	-8.34685E-003	1.46476E-004	...........	-327.63
	238	59.75	-8.42917E-003	-8.32782E-003	1.45343E-004	...........	-327.63
	239	60	-8.39351E-003	-8.27216E-003	1.41743E-004	...........	-327.63
	240	60.25	-8.35757E-003	-8.25337E-003	1.42143E-004	...........	-327.63
	241	60.5	-8.32124E-003	-8.20313E-003	1.39876E-004	...........	-327.63
	242	60.75	-8.28493E-003	-8.18643E-003	1.35543E-004	...........	-327.63
	243	61	-8.24931E-003	-8.13693E-003	1.45210E-004	...........	-327.63
	244	61.25	-8.21464E-003	-8.11806E-003	1.47210E-004	...........	-327.63
	245	61.5	-8.18068E-003	-8.06983E-003	1.44010E-004	...........	-327.63
	246	61.75	-8.14696E-003	-8.04944E-003	1.39276E-004	...........	-327.63
	247	62	-8.11321E-003	-8.00146E-003	1.32476E-004	...........	-327.63
	248	62.25	-8.07929E-003	-7.98133E-003	1.25343E-004	...........	-327.63
	249	62.5	-8.04525E-003	-7.93430E-003	1.24410E-004	...........	-327.63
	250	62.75	-8.01121E-003	-7.91231E-003	1.23210E-004	...........	-327.63
	251	63	-7.97720E-003	-7.86740E-003	1.25876E-004	...........	-327.63
	252	63.25	-7.94323E-003	-7.84443E-003	1.26676E-004	...........	-327.63
	253	63.5	-7.90936E-003	-7.80184E-003	1.29143E-004	...........	-327.63
	254	63.75	-7.87568E-003	-7.77724E-003	1.23810E-004	...........	-327.63
	255	64	-7.84219E-003	-7.73457E-003	1.23876E-004	...........	-327.63
	256	64.25	-7.80868E-003	-7.70631E-003	1.26143E-004	...........	-327.63
	257	64.5	-7.77490E-003	-7.66744E-003	1.27543E-004	...........	-327.63
	258	64.75	-7.74082E-003	-7.63894E-003	1.27676E-004	...........	-327.63
	259	65	-7.70676E-003	-7.60263E-003	1.27810E-004	...........	-327.63
	260	65.25	-7.67312E-003	-7.57724E-003	1.41210E-004	...........	-327.63
	261	65.5	-7.64024E-003	-7.54029E-003	1.35476E-004	...........	-327.63
	262	65.75	-7.60811E-003	-7.51124E-003	1.33476E-004	...........	-327.63
	263	66	-7.57627E-003	-7.47428E-003	1.29343E-004	...........	-327.63
	264	66.25	-7.54420E-003	-7.44595E-003	1.26343E-004	...........	-327.63
	265	66.5	-7.51180E-003	-7.41092E-003	1.34876E-004	...........	-327.63
	266	66.75	-7.47935E-003	-7.38355E-003	1.33676E-004	...........	-327.63
	267	67	-7.44713E-003	-7.34494E-003	1.34076E-004	...........	-327.63
	268	67.25	-7.41498E-003	-7.31462E-003	1.34876E-004	...........	-327.63
	269	67.5	-7.38255E-003	-7.28231E-003	1.35676E-004	...........	-327.63
	270	67.75	-7.34992E-003	-7.25449E-003	1.35076E-004	...........	-327.63
	271	68	-7.31768E-003	-7.21968E-003	1.29810E-004	...........	-327.63
	272	68.25	-7.28616E-003	-7.19642E-003	1.32410E-004	...........	-327.63
	273	68.5	-7.25549E-003	-7.16682E-003	1.22543E-004	...........	-327.63
	274	68.75	-7.22581E-003	-7.13554E-003	1.25943E-004	...........	-327.63
	275	69	-7.19677E-003	-7.10579E-003	1.26876E-004	...........	-327.63
	276	69.25	-7.16764E-003	-7.07428E-003	1.30676E-004	...........	-327.63
	277	69.5	-7.13792E-003	-7.04385E-003	1.32276E-004	...........	-327.63
	278	69.75	-7.10762E-003	-7.01263E-003	1.24076E-004	...........	-327.63
	279	70	-7.07701E-003	-6.98517E-003	1.28410E-004	...........	-327.63
	280	70.25	-7.04641E-003	-6.95031E-003	1.29210E-004	...........	-327.63
	281	70.5	-7.01586E-003	-6.92135E-003	1.26210E-004	...........	-327.63
	282	70.75	-6.98513E-003	-6.88766E-003	1.26143E-004	...........	-327.63
	283	71	-6.95416E-003	-6.86385E-003	1.26410E-004	...........	-327.63
	284	71.25	-6.92332E-003	-6.82829E-003	1.31276E-004	...........	-327.63
	285	71.5	-6.89298E-003	-6.80489E-003	1.33276E-004	...........	-327.63
	286	71.75	-6.86310E-003	-6.76693E-003	1.34076E-004	...........	-327.63
	287	72	-6.83323E-003	-6.74039E-003	1.33076E-004	...........	-327.63
	288	72.25	-6.80287E-003	-6.70249E-003	1.24410E-004	...........	-327.63
	289	72.5	-6.77181E-003	-6.67865E-003	1.21676E-004	...........	-327.63
	290	72.75	-6.74032E-003	-6.63989E-003	1.30943E-004	...........	-327.63
	291	73	-6.70884E-003	-6.61928E-003	1.29543E-004	...........	-327.63
	292	73.25	-6.67770E-003	-6.57835E-003	1.35943E-004	...........	-327.63
	293	73.5	-6.64698E-003	-6.56059E-003	1.43010E-004	...........	-327.63
	294	73.75	-6.61673E-003	-6.52307E-003	1.35743E-004	...........	-327.63
	295	74	-6.58718E-003	-6.50709E-003	1.25743E-004	...........	-327.63
	296	74.25	-6.55846E-003	-6.46435E-003	1.34610E-004	...........	-327.63
	297	74.5	-6.53024E-003	-6.44885E-003	1.36410E-004	...........	-327.63
	298	74.75	-6.50201E-003	-6.40974E-003	1.29076E-004	...........	-327.63
	299	75	-6.47378E-003	-6.39762E-003	1.25210E-004	...........	-327.63
	300	75.25	-6.44593E-003	-6.35353E-003	1.29810E-004	...........	-327.63
	301	75.5	-6.41847E-003	-6.33873E-003	1.34343E-004	...........	-327.63
	302	75.75	-6.39092E-003	-6.29978E-003	1.38276E-004	...........	-327.63
	303	76	-6.36315E-003	-6.28504E-003	1.34143E-004	...........	-327.63
	304	76.25	-6.33542E-003	-6.24348E-003	1.38010E-004	...........	-327.63
	305	76.5	-6.30784E-003	-6.23018E-003	1.31343E-004	...........	-327.63
	306	76.75	-6.28028E-003	-6.18704E-003	1.35876E-004	...........	-327.63
	307	77	-6.25261E-003	-6.17442E-003	1.23743E-004	...........	-327.63
	308	77.25	-6.22478E-003	-6.13020E-003	1.21410E-004	...........	-327.63
	309	77.5	-6.19685E-003	-6.12132E-003	1.22343E-004	...........	-327.63
	310	77.75	-6.16904E-003	-6.07671E-003	1.27810E-004	...........	-327.63
	311	78	-6.14154E-003	-6.06580E-003	1.31410E-004	...........	-327.63
	312	78.25	-6.11425E-003	-6.02026E-003	1.33610E-004	...........	-327.63
	313	78.5	-6.08689E-003	-6.01189E-003	1.34943E-004	...........	-327.63
	314	78.75	-6.05943E-003	-5.96727E-003	1.25543E-004	...........	-327.63
	315	79	-6.03217E-003	-5.96204E-003	1.28276E-004	...........	-327.63
	316	79.25	-6.00540E-003	-5.91293E-003	1.25810E-004	...........	-327.63
	317	79.5	-5.97900E-003	-5.90742E-003	1.17543E-004	...........	-327.63
	318	79.75	-5.95254E-003	-5.85889E-003	1.23076E-004	...........	-327.63
	319	80	-5.92585E-003	-5.85552E-003	1.30943E-004	...........	-327.63
	320	80.25	-5.89911E-003	-5.80739E-003	1.26010E-004	...........	-327.63
	321	80.5	-5.87261E-003	-5.80388E-003	1.30476E-004	...........	-327.63
	322	80.75	-5.84644E-003	-5.75519E-003	1.29343E-004	...........	-327.63
	323	81	-5.82045E-003	-5.75178E-003	1.22543E-004	...........	-327.63
	324	81.25	-5.79450E-003	-5.70296E-003	1.22943E-004	...........	-327.63
	325	81.5	-5.76848E-003	-5.69851E-003	1.26543E-004	...........	-327.63
	326	81.75	-5.74229E-003	-5.64810E-003	1.21676E-004	...........	-327.63
	327	82	-5.71577E-003	-5.64285E-003	1.22943E-004	...........	-327.63
	328	82.25	-5.68880E-003	-5.59201E-003	1.20876E-004	...........	-327.63
	329	82.5	-5.66150E-003	-5.59361E-003	1.25943E-004	...........	-327.63
	330	82.75	-5.63440E-003	-5.54282E-003	1.24743E-004	...........	-327.63
	331	83	-5.60800E-003	-5.54067E-003	1.26010E-004	...........	-327.63
	332	83.25	-5.58220E-003	-5.49085E-003	1.33143E-004	...........	-327.63
	333	83.5	-5.55653E-003	-5.48904E-003	1.28343E-004	...........	-327.63
	334	83.75	-5.53082E-003	-5.44186E-003	1.28343E-004	...........	-327.63
	335	84	-5.50523E-003	-5.43936E-003	1.24076E-004	...........	-327.63
	336	84.25	-5.47988E-003	-5.38923E-003	1.23076E-004	...........	-327.63
	337	84.5	-5.45456E-003	-5.38552E-003	1.24010E-004	...........	-327.63
	338	84.75	-5.42893E-003	-5.33850E-003	1.21876E-004	...........	-327.63
	339	85	-5.40306E-003	-5.33702E-003	1.19210E-004	...........	-327.63
	340	85.25	-5.37739E-003	-5.29023E-003	1.30943E-004	...........	-327.63
	341	85.5	-5.35228E-003	-5.28985E-003	1.33343E-004	...........	-327.63
	342	85.75	-5.32776E-003	-5.24180E-003	1.31676E-004	...........	-327.63
	343	86	-5.30363E-003	-5.24158E-003	1.30143E-004	...........	-327.63
	344	86.25	-5.27968E-003	-5.19676E-003	1.31876E-004	...........	-327.63
	345	86.5	-5.25597E-003	-5.19685E-003	1.32610E-004	...........	-327.63
	346	86.75	-5.23263E-003	-5.14906E-003	1.30476E-004	...........	-327.63
	347	87	-5.20947E-003	-5.14743E-003	1.22676E-004	...........	-327.63
	348	87.25	-5.18616E-003	-5.10452E-003	1.24010E-004	...........	-327.63
	349	87.5	-5.16267E-003	-5.09982E-003	1.29343E-004	...........	-327.63
	350	87.75	-5.13914E-003	-5.05591E-003	1.28476E-004	...........	-327.63
	351	88	-5.11551E-003	-5.05045E-003	1.24943E-004	...........	-327.63
	352	88.25	-5.09159E-003	-5.00717E-003	1.32410E-004	...........	-327.63
	353	88.5	-5.06743E-003	-5.00466E-003	1.31010E-004	...........	-327.63
	354	88.75	-5.04328E-003	-4.95863E-003	1.26143E-004	...........	-327.63
	355	89	-5.01929E-003	-4.95575E-003	1.27143E-004	...........	-327.63
	356	89.25	-4.99536E-003	-4.91275E-003	1.25210E-004	...........	-327.63
	357	89.5	-4.97148E-003	-4.90809E-003	1.22143E-004	...........	-327.63
	358	89.75	-4.94776E-003	-4.86731E-003	1.24276E-004	...........	-327.63
	359	90	-4.92423E-003	-4.86002E-003	1.20476E-004	...........	-327.63
	360	90.25	-4.90084E-003	-4.82251E-003	1.23610E-004	...........	-327.63
	361	90.5	-4.87757E-003	-4.81413E-003	1.19410E-004	...........	-327.63
	362	90.75	-4.85439E-003	-4.77233E-003	1.27810E-004	...........	-327.63
	363	91	-4.83108E-003	-4.76814E-003	1.29876E-004	...........	-327.63
	364	91.25	-4.80762E-003	-4.73023E-003	1.22076E-004	...........	-327.63
	365	91.5	-4.78445E-003	-4.72454E-003	1.32476E-004	...........	-327.63
	366	91.75	-4.76181E-003	-4.68248E-003	1.31143E-004	...........	-327.63
	367	92	-4.73934E-003	-4.67554E-003	1.23210E-004	...........	-327.63
	368	92.25	-4.71652E-003	-4.63803E-003	1.26943E-004	...........	-327.63
	369	92.5	-4.69333E-003	-4.62950E-003	1.21810E-004	...........	-327.63
	370	92.75	-4.67018E-003	-4.59561E-003	1.27476E-004	...........	-327.63
	371	93	-4.64743E-003	-4.58644E-003	1.31743E-004	...........	-327.63
	372	93.25	-4.62534E-003	-4.55915E-003	1.29410E-004	...........	-327.63
	373	93.5	-4.60420E-003	-4.54941E-003	1.24943E-004	...........	-327.63
	374	93.75	-4.58402E-003	-4.51495E-003	1.28610E-004	...........	-327.63
	375	94	-4.56405E-003	-4.49950E-003	1.29343E-004	...........	-327.63
	376	94.25	-4.54331E-003	-4.47569E-003	1.31010E-004	...........	-327.63
	377	94.5	-4.52183E-003	-4.46131E-003	1.23610E-004	...........	-327.63
	378	94.75	-4.50042E-003	-4.43104E-003	1.29543E-004	...........	-327.63
	379	95	-4.47937E-003	-4.41782E-003	1.23343E-004	...........	-327.63
	380	95.25	-4.45824E-003	-4.38518E-003	1.26610E-004	...........	-327.63
	381	95.5	-4.43665E-003	-4.37316E-003	1.22943E-004	...........	-327.63
	382	95.75	-4.41464E-003	-4.34356E-003	1.18410E-004	...........	-327.63
	383	96	-4.39251E-003	-4.32731E-003	1.22943E-004	...........	-327.63
	384	96.25	-4.37038E-003	-4.29590E-003	1.24276E-004	...........	-327.63
	385	96.5	-4.34791E-003	-4.27832E-003	1.23743E-004	...........	-327.63
	386	96.75	-4.32501E-003	-4.25739E-003	1.23143E-004	...........	-327.63
	387	97	-4.30233E-003	-4.24310E-003	1.22943E-004	...........	-327.63
	388	97.25	-4.28075E-003	-4.21275E-003	1.31410E-004	...........	-327.63
	389	97.5	-4.26024E-003	-4.20569E-003	1.20210E-004	...........	-327.63
	390	97.75	-4.24020E-003	-4.17138E-003	1.23343E-004	...........	-327.63
	391	98	-4.22017E-003	-4.16156E-003	1.19476E-004	...........	-327.63
	392	98.25	-4.19976E-003	-4.12783E-003	1.21676E-004	...........	-327.63
	393	98.5	-4.17878E-003	-4.11812E-003	1.16543E-004	...........	-327.63
	394	98.75	-4.15736E-003	-4.08684E-003	1.21810E-004	...........	-327.63
	395	99	-4.13589E-003	-4.07634E-003	1.19943E-004	...........	-327.63
	396	99.25	-4.11461E-003	-4.04343E-003	1.22743E-004	...........	-327.63
	397	99.5	-4.09338E-003	-4.03049E-003	1.23943E-004	...........	-327.63
	398	99.75	-4.07193E-003	-4.00200E-003	1.22676E-004	...........	-327.63
	399	100	-4.05042E-003	-3.99536E-003	1.24343E-004	...........	-327.63
EOC	QUANT	-0.0040504	Open Circuit (V)
PSTATMODEL	IQUANT	5	Pstat Model
PSTATSECTION	LABEL	REF3000-20110	Pstat Section
PSTATSERIALNO	LABEL	20110	Pstat Serial Number
CTRLMODE	IQUANT	0	Control Mode
ELECTROMETER	IQUANT	0	RE=0 or CS=1
IESTAB	IQUANT	0	I/E Stability
CASPEED	IQUANT	4	Control Amp Speed
CONVENTION	IQUANT	1	Current Convention
ICHRANGE	IQUANT	2	Ich Range
ICHRANGEMODE	TOGGLE	F	Ich Auto Range
ICHOFFSETENABLE	TOGGLE	T	Ich Offset Enable
ICHOFFSET	QUANT	0	Ich Offset (V)
ICHFILTER	IQUANT	3	Ich Filter
VCHRANGE	IQUANT	2	Vch Range
VCHRANGEMODE	TOGGLE	F	Vch Auto Range
VCHOFFSETENABLE	TOGGLE	T	Vch Offset Enable
VCHOFFSET	QUANT	0	Vch Offset (V)
VCHFILTER	IQUANT	3	Vch Filter
ACHRANGE	IQUANT	2	Ach Range
ACHOFFSETENABLE	TOGGLE	F	Ach Offset Enable
ACHOFFSET	QUANT	0	Ach Offset (V)
ACHFILTER	IQUANT	1	Ach Filter
IERANGELOWERLIMIT	IQUANT	2	I/E Range Lower Limit
IERANGEMODE	TOGGLE	F	I/E AutoRange
IERANGE	IQUANT	11	I/E Range
POSFEEDENABLE	TOGGLE	F	Positive Feedback IR Comp
POSFEEDRESISTANCE	QUANT	0	Positive Feedback Resistance (ohm)
ACHSELECT	IQUANT	4	Ach Select
SENSECABLEID	IQUANT	14	Sense Cable ID
PWRCABLEID	IQUANT	7	Power Cable ID
DCCALDATE	LABEL	8/9/2022	DC Calibration Date
ACCALDATE	LABEL	8/9/2022	AC Calibration Date
THERMOSELECT	IQUANT	1	Thermo Select
FRAMEWORKVERSION	LABEL	7.9.0	Framework Version
INSTRUMENTVERSION	LABEL	4.60	Instrument Version
COMPLIANCEVOLTAGE	IQUANT	0	Compliance Voltage
ZCURVE	TABLE
	Pt	Time	Freq	Zreal	Zimag	Zsig	Zmod	Zphz	Idc	Vdc	IERange
	#	s	Hz	ohm	ohm	V	ohm	°	A	V	#
	0	5	100078.1	2.278172	-0.4570661	1	2.32357	-11.34455	-2.499174E-006	-0.0015071	9
	1	7	79453.13	2.285831	-0.3612101	1	2.314195	-8.979702	-2.503709E-006	-0.0062949	9
	2	8	63140.62	2.284545	-0.2969845	1	2.303768	-7.406755	-2.258783E-006	-0.0061251	9
	3	9	50203.12	2.28046	-0.239419	1	2.292993	-5.993366	-2.052733E-006	-0.0026655	9
	4	11	39890.62	2.282105	-0.207908	1	2.291556	-5.205481	-2.248126E-006	-0.0041347	9
	5	12	31640.63	2.278736	-0.1615718	1	2.284457	-4.05572	-2.525351E-006	-0.0040442	9
	6	14	25171.88	2.28808	-0.1396497	1	2.292338	-3.492634	-2.106739E-006	0.0008888	9
	7	15	20015.62	2.293139	-0.1155607	1	2.296049	-2.88493	-3.083577E-006	-0.0023829	9
	8	17	15890.62	2.299397	-0.1062175	1	2.301849	-2.64482	-2.546584E-006	-0.0051136	9
	9	18	12609.38	2.298405	-0.094628	1	2.300352	-2.357601	-2.012298E-006	0.0010676	9
	10	20	10078.13	2.308034	-0.0891366	1	2.309755	-2.211671	-2.518839E-006	-0.0046195	9
	11	21	8015.625	2.307865	-0.0868465	1	2.309499	-2.155061	-1.97883E-006	0.0013818	9
	12	23	6328.125	2.317611	-0.0881862	1	2.319288	-2.179081	-2.048494E-006	-0.0003358	9
	13	24	5015.625	2.327956	-0.0903113	1	2.329708	-2.221633	-2.981109E-006	-0.000203	9
	14	26	3984.375	2.335979	-0.0946492	1	2.337896	-2.320241	-2.168027E-006	-0.0015992	9
	15	27	3170.956	2.33632	-0.0975066	1	2.338354	-2.389859	-2.68962E-006	-0.0051362	9
	16	28	2527.573	2.348271	-0.1085534	1	2.350779	-2.646725	-2.606309E-006	-0.0046836	9
	17	30	1976.103	2.363314	-0.1253944	1	2.366638	-3.037192	-1.953591E-006	0.0018139	9
	18	31	1577.524	2.365244	-0.1286732	1	2.368742	-3.113915	-2.19899E-006	0.0013537	9
	19	33	1265.625	2.381799	-0.1576572	1	2.387011	-3.787027	-2.508268E-006	-0.0046543	9
	20	34	998.264	2.392234	-0.1777686	1	2.39883	-4.249878	-2.72808E-006	-0.0039324	9
	21	35	796.875	2.403132	-0.2034662	1	2.41173	-4.839525	-2.400339E-006	-0.0042945	9
	22	37	627.7902	2.42285	-0.2441321	1	2.435119	-5.753837	-2.500958E-006	-0.0043524	9
	23	38	505.5147	2.444775	-0.2825899	1	2.461053	-6.593521	-2.243706E-006	-0.0011726	9
	24	40	397.9953	2.471905	-0.3357396	1	2.494601	-7.734707	-2.336579E-006	-0.0011373	9
	25	41	315.5048	2.505296	-0.399384	1	2.536931	-9.057641	-2.329594E-006	-0.0010711	9
	26	43	252.4038	2.546628	-0.4700988	1	2.589653	-10.45887	-2.353542E-006	-0.0009999	9
	27	44	198.6229	2.60512	-0.558211	1	2.664254	-12.09414	-2.320814E-006	-0.0009346	9
	28	45	158.3615	2.678526	-0.6512305	1	2.756556	-13.66519	-2.323513E-006	-0.000853	9
	29	47	125.558	2.769288	-0.756088	1	2.870648	-15.27106	-2.293304E-006	-0.0008251	9
	30	48	100.4464	2.887437	-0.8597634	1	3.01272	-16.58143	-2.371875E-006	-0.0007601	9
	31	50	79.00281	3.045924	-0.965685	1	3.195341	-17.59079	-2.367699E-006	-0.0007241	9
	32	51	63.3446	3.211848	-1.047613	1	3.378381	-18.06485	-2.297784E-006	-0.0006247	9
	33	53	50.22321	3.473873	-1.169682	1	3.665508	-18.60881	-2.339875E-006	-0.0005762	9
	34	54	38.42213	3.657596	-1.147375	1	3.833338	-17.41646	-2.359499E-006	-0.0005212	9
	35	56	31.25	3.829905	-1.155714	1	4.000481	-16.79174	-2.445985E-006	-0.0004001	9
	36	57	24.93351	4.025155	-1.14807	1	4.185682	-15.91941	-2.353337E-006	-0.0004082	9
	37	58	19.86229	4.218562	-1.119753	1	4.364644	-14.8655	-2.209486E-006	-0.0002721	9
	38	60	15.625	4.371737	-1.087487	1	4.504965	-13.96904	-2.351933E-006	-0.0003337	9
	39	61	12.40079	4.526544	-1.013663	1	4.638654	-12.62243	-2.421302E-006	-0.000165	9
	40	62	9.93114	4.656671	-0.984189	1	4.759539	-11.93386	-2.481229E-006	-0.0001493	9
	41	64	7.944915	4.787969	-0.963397	1	4.883931	-11.37669	-2.124771E-006	-0.0001951	9
	42	66	6.317385	4.90951	-0.9389135	1	4.998485	-10.82673	-1.841006E-006	-0.000149	9
	43	68	5.008013	5.012579	-0.8926882	1	5.091448	-10.09792	-2.626216E-006	6.315237E-006	9
	44	70	3.945707	5.132105	-0.8911151	1	5.208895	-9.85037	-2.200108E-006	5.843132E-006	9
	45	72	3.158693	5.232186	-0.8628631	1	5.302858	-9.364614	-2.708127E-006	0.0001271	9
	46	75	2.504006	5.324425	-0.8489259	1	5.391676	-9.058986	-2.095018E-006	0.0002677	9
	47	77	1.998082	5.452117	-0.8660558	1	5.520474	-9.025887	-3.926722E-006	0.0002816	9
	48	82	1.584686	5.53402	-0.8482398	1	5.598651	-8.714321	-3.163976E-006	0.0005736	9
	49	88	1.266892	5.680944	-0.8830748	1	5.749169	-8.835634	-4.16301E-006	0.0007008	9
	50	94	0.999041	5.773355	-0.8622403	1	5.837388	-8.494239	-8.304842E-007	0.0009896	9
