EXPLAIN
TAG	GALVEIS
TITLE	LABEL	Galvanostatic EIS	Test &Identifier
DATE	LABEL	6-12-2022	Date
TIME	LABEL	16:31:09	Time
NOTES	NOTES	1	&Notes...
	
PSTAT	PSTAT	REF3000-20110	Potentiostat
IDCREQ	QUANT	0.00000E+000	DC &Current (A)
FREQINIT	QUANT	1.00000E+006	Initial Fre&q. (Hz)
FREQFINAL	QUANT	1.00000E+000	Final Fre&q. (Hz)
PTSPERDEC	QUANT	1.00000E+001	Points/&decade
IACREQ	QUANT	1.00000E-003	AC &Current (A rms)
AREA	QUANT	1.00000E+000	&Area (cm^2)
CONDIT	TWOPARAM	F	1.50000E+001	0.00000E+000	Conditionin&g	Time(s)	E(V)
DELAY	TWOPARAM	T	1.00000E+002	0.00000E+000	Init. De&lay	Time(s)	Stab.(mV/s)
SPEED	SELECTOR	1	&Optimize for:
THD	SELECTOR	0	T&HD
DRIFTCOR	SELECTOR	0	&Drift Correction
ZGUESS	QUANT	1.00000E+001	E&stimated Z (ohms)
OCVCURVE	TABLE	400
	Pt	T	Vf	Vm	Ach	Over	Temp
	#	s	V vs. Ref.	V	V	bits	deg C
	0	0.25	1.65901E-002	1.65901E-002	3.60010E-004	...........	-327.63
	1	0.5	1.65907E-002	1.66232E-002	2.54476E-004	...........	-327.63
	2	0.75	1.65934E-002	1.65920E-002	3.59343E-004	...........	-327.63
	3	1	1.65982E-002	1.66258E-002	2.54210E-004	...........	-327.63
	4	1.25	1.66033E-002	1.65909E-002	3.60210E-004	...........	-327.63
	5	1.5	1.66066E-002	1.66239E-002	2.49476E-004	...........	-327.63
	6	1.75	1.66081E-002	1.65933E-002	3.58543E-004	...........	-327.63
	7	2	1.66084E-002	1.66236E-002	2.46343E-004	...........	-327.63
	8	2.25	1.66084E-002	1.65913E-002	3.53410E-004	...........	-327.63
	9	2.5	1.66082E-002	1.66235E-002	2.46410E-004	...........	-327.63
	10	2.75	1.66079E-002	1.65895E-002	3.43343E-004	...........	-327.63
	11	3	1.66074E-002	1.66169E-002	2.52943E-004	...........	-327.63
	12	3.25	1.66065E-002	1.65943E-002	3.51943E-004	...........	-327.63
	13	3.5	1.66058E-002	1.66273E-002	2.50743E-004	...........	-327.63
	14	3.75	1.66063E-002	1.65982E-002	3.61543E-004	...........	-327.63
	15	4	1.66082E-002	1.66276E-002	2.45743E-004	...........	-327.63
	16	4.25	1.66103E-002	1.65980E-002	3.50610E-004	...........	-327.63
	17	4.5	1.66120E-002	1.66314E-002	2.47676E-004	...........	-327.63
	18	4.75	1.66131E-002	1.66019E-002	3.59210E-004	...........	-327.63
	19	5	1.66143E-002	1.66349E-002	2.43743E-004	...........	-327.63
	20	5.25	1.66157E-002	1.66048E-002	3.47143E-004	...........	-327.63
	21	5.5	1.66172E-002	1.66353E-002	2.50676E-004	...........	-327.63
	22	5.75	1.66185E-002	1.66042E-002	3.52943E-004	...........	-327.63
	23	6	1.66194E-002	1.66353E-002	2.46810E-004	...........	-327.63
	24	6.25	1.66198E-002	1.66024E-002	3.56076E-004	...........	-327.63
	25	6.5	1.66197E-002	1.66339E-002	2.43476E-004	...........	-327.63
	26	6.75	1.66194E-002	1.66086E-002	3.50143E-004	...........	-327.63
	27	7	1.66194E-002	1.66367E-002	2.46610E-004	...........	-327.63
	28	7.25	1.66201E-002	1.66063E-002	3.57143E-004	...........	-327.63
	29	7.5	1.66210E-002	1.66380E-002	2.46676E-004	...........	-327.63
	30	7.75	1.66216E-002	1.66053E-002	3.52676E-004	...........	-327.63
	31	8	1.66218E-002	1.66351E-002	2.49610E-004	...........	-327.63
	32	8.25	1.66215E-002	1.66011E-002	3.49210E-004	...........	-327.63
	33	8.5	1.66207E-002	1.66361E-002	2.52343E-004	...........	-327.63
	34	8.75	1.66198E-002	1.66061E-002	3.45210E-004	...........	-327.63
	35	9	1.66195E-002	1.66357E-002	2.44543E-004	...........	-327.63
	36	9.25	1.66197E-002	1.66038E-002	3.46010E-004	...........	-327.63
	37	9.5	1.66201E-002	1.66347E-002	2.49476E-004	...........	-327.63
	38	9.75	1.66201E-002	1.66034E-002	3.55610E-004	...........	-327.63
	39	10	1.66197E-002	1.66341E-002	2.45343E-004	...........	-327.63
	40	10.25	1.66194E-002	1.66052E-002	3.57276E-004	...........	-327.63
	41	10.5	1.66192E-002	1.66360E-002	2.53943E-004	...........	-327.63
	42	10.75	1.66194E-002	1.66033E-002	3.52476E-004	...........	-327.63
	43	11	1.66197E-002	1.66341E-002	2.52076E-004	...........	-327.63
	44	11.25	1.66197E-002	1.66077E-002	3.56076E-004	...........	-327.63
	45	11.5	1.66198E-002	1.66374E-002	2.48010E-004	...........	-327.63
	46	11.75	1.66204E-002	1.66085E-002	3.54076E-004	...........	-327.63
	47	12	1.66214E-002	1.66412E-002	2.50076E-004	...........	-327.63
	48	12.25	1.66226E-002	1.66088E-002	3.56943E-004	...........	-327.63
	49	12.5	1.66236E-002	1.66387E-002	2.50810E-004	...........	-327.63
	50	12.75	1.66242E-002	1.66095E-002	3.51810E-004	...........	-327.63
	51	13	1.66243E-002	1.66368E-002	2.45743E-004	...........	-327.63
	52	13.25	1.66241E-002	1.66119E-002	3.60410E-004	...........	-327.63
	53	13.5	1.66239E-002	1.66370E-002	2.50943E-004	...........	-327.63
	54	13.75	1.66240E-002	1.66138E-002	3.46476E-004	...........	-327.63
	55	14	1.66244E-002	1.66419E-002	2.50076E-004	...........	-327.63
	56	14.25	1.66253E-002	1.66160E-002	3.49810E-004	...........	-327.63
	57	14.5	1.66265E-002	1.66406E-002	2.47743E-004	...........	-327.63
	58	14.75	1.66276E-002	1.66173E-002	3.59476E-004	...........	-327.63
	59	15	1.66284E-002	1.66449E-002	2.46410E-004	...........	-327.63
	60	15.25	1.66293E-002	1.66257E-002	3.52210E-004	...........	-327.63
	61	15.5	1.66308E-002	1.66463E-002	2.53676E-004	...........	-327.63
	62	15.75	1.66327E-002	1.66228E-002	3.53276E-004	...........	-327.63
	63	16	1.66341E-002	1.66414E-002	2.46943E-004	...........	-327.63
	64	16.25	1.66343E-002	1.66220E-002	3.56010E-004	...........	-327.63
	65	16.5	1.66335E-002	1.66335E-002	2.49543E-004	...........	-327.63
	66	16.75	1.66319E-002	1.66230E-002	3.62276E-004	...........	-327.63
	67	17	1.66303E-002	1.66361E-002	2.48410E-004	...........	-327.63
	68	17.25	1.66292E-002	1.66168E-002	3.44676E-004	...........	-327.63
	69	17.5	1.66284E-002	1.66334E-002	2.46676E-004	...........	-327.63
	70	17.75	1.66276E-002	1.66263E-002	3.48410E-004	...........	-327.63
	71	18	1.66274E-002	1.66358E-002	2.48676E-004	...........	-327.63
	72	18.25	1.66282E-002	1.66276E-002	3.60276E-004	...........	-327.63
	73	18.5	1.66294E-002	1.66317E-002	2.46343E-004	...........	-327.63
	74	18.75	1.66304E-002	1.66315E-002	3.53876E-004	...........	-327.63
	75	19	1.66308E-002	1.66322E-002	2.43876E-004	...........	-327.63
	76	19.25	1.66312E-002	1.66352E-002	3.50810E-004	...........	-327.63
	77	19.5	1.66318E-002	1.66300E-002	2.46543E-004	...........	-327.63
	78	19.75	1.66323E-002	1.66350E-002	3.56943E-004	...........	-327.63
	79	20	1.66326E-002	1.66299E-002	2.47876E-004	...........	-327.63
	80	20.25	1.66328E-002	1.66402E-002	3.41543E-004	...........	-327.63
	81	20.5	1.66331E-002	1.66303E-002	2.53076E-004	...........	-327.63
	82	20.75	1.66339E-002	1.66447E-002	3.64143E-004	...........	-327.63
	83	21	1.66349E-002	1.66286E-002	2.45476E-004	...........	-327.63
	84	21.25	1.66360E-002	1.66470E-002	3.52276E-004	...........	-327.63
	85	21.5	1.66367E-002	1.66250E-002	1.43876E-004	...........	-327.63
	86	21.75	1.66369E-002	1.66485E-002	9.74764E-005	...........	-327.63
	87	22	1.66369E-002	1.66242E-002	9.58764E-005	...........	-327.63
	88	22.25	1.66367E-002	1.66478E-002	9.52097E-005	...........	-327.63
	89	22.5	1.66364E-002	1.66233E-002	9.81431E-005	...........	-327.63
	90	22.75	1.66362E-002	1.66484E-002	9.66764E-005	...........	-327.63
	91	23	1.66359E-002	1.66199E-002	9.66097E-005	...........	-327.63
	92	23.25	1.66356E-002	1.66514E-002	9.62764E-005	...........	-327.63
	93	23.5	1.66354E-002	1.66241E-002	9.78764E-005	...........	-327.63
	94	23.75	1.66357E-002	1.66527E-002	9.98764E-005	...........	-327.63
	95	24	1.66365E-002	1.66250E-002	9.94097E-005	...........	-327.63
	96	24.25	1.66376E-002	1.66564E-002	9.30764E-005	...........	-327.63
	97	24.5	1.66387E-002	1.66260E-002	9.29431E-005	...........	-327.63
	98	24.75	1.66397E-002	1.66577E-002	9.63431E-005	...........	-327.63
	99	25	1.66407E-002	1.66281E-002	9.56097E-005	...........	-327.63
	100	25.25	1.66415E-002	1.66563E-002	9.45431E-005	...........	-327.63
	101	25.5	1.66420E-002	1.66279E-002	9.16097E-005	...........	-327.63
	102	25.75	1.66423E-002	1.66562E-002	9.33431E-005	...........	-327.63
	103	26	1.66423E-002	1.66299E-002	9.24098E-005	...........	-327.63
	104	26.25	1.66424E-002	1.66557E-002	9.00764E-005	...........	-327.63
	105	26.5	1.66424E-002	1.66257E-002	8.92097E-005	...........	-327.63
	106	26.75	1.66422E-002	1.66528E-002	9.25431E-005	...........	-327.63
	107	27	1.66415E-002	1.66283E-002	9.15431E-005	...........	-327.63
	108	27.25	1.66408E-002	1.66556E-002	9.10098E-005	...........	-327.63
	109	27.5	1.66408E-002	1.66336E-002	9.48097E-005	...........	-327.63
	110	27.75	1.66416E-002	1.66581E-002	9.15431E-005	...........	-327.63
	111	28	1.66430E-002	1.66346E-002	8.92097E-005	...........	-327.63
	112	28.25	1.66445E-002	1.66553E-002	9.26764E-005	...........	-327.63
	113	28.5	1.66454E-002	1.66387E-002	8.60097E-005	...........	-327.63
	114	28.75	1.66458E-002	1.66515E-002	9.10098E-005	...........	-327.63
	115	29	1.66459E-002	1.66370E-002	9.14764E-005	...........	-327.63
	116	29.25	1.66457E-002	1.66567E-002	9.56764E-005	...........	-327.63
	117	29.5	1.66456E-002	1.66389E-002	8.86764E-005	...........	-327.63
	118	29.75	1.66460E-002	1.66541E-002	9.16764E-005	...........	-327.63
	119	30	1.66466E-002	1.66427E-002	9.17431E-005	...........	-327.63
	120	30.25	1.66471E-002	1.66529E-002	8.82098E-005	...........	-327.63
	121	30.5	1.66475E-002	1.66425E-002	9.22764E-005	...........	-327.63
	122	30.75	1.66478E-002	1.66548E-002	9.20764E-005	...........	-327.63
	123	31	1.66481E-002	1.66465E-002	8.98097E-005	...........	-327.63
	124	31.25	1.66486E-002	1.66514E-002	9.57431E-005	...........	-327.63
	125	31.5	1.66491E-002	1.66469E-002	9.41431E-005	...........	-327.63
	126	31.75	1.66493E-002	1.66495E-002	9.09431E-005	...........	-327.63
	127	32	1.66490E-002	1.66420E-002	9.06764E-005	...........	-327.63
	128	32.25	1.66483E-002	1.66492E-002	9.30097E-005	...........	-327.63
	129	32.5	1.66473E-002	1.66461E-002	9.35431E-005	...........	-327.63
	130	32.75	1.66467E-002	1.66478E-002	9.76764E-005	...........	-327.63
	131	33	1.66467E-002	1.66464E-002	8.90097E-005	...........	-327.63
	132	33.25	1.66468E-002	1.66473E-002	9.34764E-005	...........	-327.63
	133	33.5	1.66469E-002	1.66435E-002	9.41431E-005	...........	-327.63
	134	33.75	1.66467E-002	1.66471E-002	9.94097E-005	...........	-327.63
	135	34	1.66463E-002	1.66457E-002	9.35431E-005	...........	-327.63
	136	34.25	1.66459E-002	1.66450E-002	9.61431E-005	...........	-327.63
	137	34.5	1.66457E-002	1.66410E-002	9.16097E-005	...........	-327.63
	138	34.75	1.66452E-002	1.66464E-002	9.69431E-005	...........	-327.63
	139	35	1.66446E-002	1.66464E-002	9.60098E-005	...........	-327.63
	140	35.25	1.66445E-002	1.66488E-002	9.02764E-005	...........	-327.63
	141	35.5	1.66453E-002	1.66515E-002	9.74764E-005	...........	-327.63
	142	35.75	1.66468E-002	1.66491E-002	9.60764E-005	...........	-327.63
	143	36	1.66483E-002	1.66512E-002	8.96764E-005	...........	-327.63
	144	36.25	1.66495E-002	1.66496E-002	9.36764E-005	...........	-327.63
	145	36.5	1.66501E-002	1.66517E-002	9.63431E-005	...........	-327.63
	146	36.75	1.66504E-002	1.66490E-002	9.54764E-005	...........	-327.63
	147	37	1.66505E-002	1.66502E-002	8.96098E-005	...........	-327.63
	148	37.25	1.66502E-002	1.66434E-002	8.80764E-005	...........	-327.63
	149	37.5	1.66495E-002	1.66481E-002	8.86764E-005	...........	-327.63
	150	37.75	1.66484E-002	1.66481E-002	9.07431E-005	...........	-327.63
	151	38	1.66475E-002	1.66472E-002	9.12764E-005	...........	-327.63
	152	38.25	1.66472E-002	1.66460E-002	9.27431E-005	...........	-327.63
	153	38.5	1.66472E-002	1.66479E-002	9.11431E-005	...........	-327.63
	154	38.75	1.66472E-002	1.66469E-002	9.34764E-005	...........	-327.63
	155	39	1.66471E-002	1.66486E-002	9.36764E-005	...........	-327.63
	156	39.25	1.66472E-002	1.66469E-002	9.02764E-005	...........	-327.63
	157	39.5	1.66474E-002	1.66482E-002	9.31431E-005	...........	-327.63
	158	39.75	1.66476E-002	1.66463E-002	9.41431E-005	...........	-327.63
	159	40	1.66476E-002	1.66491E-002	9.72097E-005	...........	-327.63
	160	40.25	1.66477E-002	1.66527E-002	9.38764E-005	...........	-327.63
	161	40.5	1.66482E-002	1.66508E-002	9.33431E-005	...........	-327.63
	162	40.75	1.66493E-002	1.66513E-002	9.66097E-005	...........	-327.63
	163	41	1.66504E-002	1.66523E-002	9.44764E-005	...........	-327.63
	164	41.25	1.66511E-002	1.66547E-002	1.01010E-004	...........	-327.63
	165	41.5	1.66518E-002	1.66511E-002	9.78764E-005	...........	-327.63
	166	41.75	1.66524E-002	1.66543E-002	9.46764E-005	...........	-327.63
	167	42	1.66527E-002	1.66477E-002	8.78097E-005	...........	-327.63
	168	42.25	1.66526E-002	1.66572E-002	9.13431E-005	...........	-327.63
	169	42.5	1.66523E-002	1.66480E-002	9.28764E-005	...........	-327.63
	170	42.75	1.66521E-002	1.66553E-002	9.57431E-005	...........	-327.63
	171	43	1.66521E-002	1.66493E-002	9.33431E-005	...........	-327.63
	172	43.25	1.66522E-002	1.66582E-002	9.46764E-005	...........	-327.63
	173	43.5	1.66524E-002	1.66446E-002	9.60764E-005	...........	-327.63
	174	43.75	1.66524E-002	1.66581E-002	9.03431E-005	...........	-327.63
	175	44	1.66523E-002	1.66472E-002	9.26764E-005	...........	-327.63
	176	44.25	1.66522E-002	1.66641E-002	9.24764E-005	...........	-327.63
	177	44.5	1.66528E-002	1.66483E-002	9.29431E-005	...........	-327.63
	178	44.75	1.66540E-002	1.66655E-002	9.64098E-005	...........	-327.63
	179	45	1.66552E-002	1.66468E-002	9.34097E-005	...........	-327.63
	180	45.25	1.66559E-002	1.66603E-002	9.25431E-005	...........	-327.63
	181	45.5	1.66558E-002	1.66469E-002	8.82764E-005	...........	-327.63
	182	45.75	1.66553E-002	1.66685E-002	9.36097E-005	...........	-327.63
	183	46	1.66551E-002	1.66467E-002	8.84098E-005	...........	-327.63
	184	46.25	1.66558E-002	1.66720E-002	9.58764E-005	...........	-327.63
	185	46.5	1.66570E-002	1.66452E-002	9.10098E-005	...........	-327.63
	186	46.75	1.66580E-002	1.66727E-002	9.75431E-005	...........	-327.63
	187	47	1.66587E-002	1.66488E-002	8.98764E-005	...........	-327.63
	188	47.25	1.66592E-002	1.66730E-002	9.69431E-005	...........	-327.63
	189	47.5	1.66598E-002	1.66478E-002	9.50764E-005	...........	-327.63
	190	47.75	1.66603E-002	1.66748E-002	9.37431E-005	...........	-327.63
	191	48	1.66606E-002	1.66472E-002	9.12764E-005	...........	-327.63
	192	48.25	1.66609E-002	1.66740E-002	9.58098E-005	...........	-327.63
	193	48.5	1.66609E-002	1.66488E-002	9.29431E-005	...........	-327.63
	194	48.75	1.66610E-002	1.66769E-002	9.54097E-005	...........	-327.63
	195	49	1.66614E-002	1.66479E-002	9.49431E-005	...........	-327.63
	196	49.25	1.66617E-002	1.66682E-002	9.70764E-005	...........	-327.63
	197	49.5	1.66613E-002	1.66457E-002	9.64764E-005	...........	-327.63
	198	49.75	1.66602E-002	1.66756E-002	9.84097E-005	...........	-327.63
	199	50	1.66594E-002	1.66470E-002	9.34097E-005	...........	-327.63
	200	50.25	1.66595E-002	1.66764E-002	9.31431E-005	...........	-327.63
	201	50.5	1.66602E-002	1.66458E-002	9.00098E-005	...........	-327.63
	202	50.75	1.66609E-002	1.66757E-002	9.24764E-005	...........	-327.63
	203	51	1.66611E-002	1.66443E-002	8.82764E-005	...........	-327.63
	204	51.25	1.66609E-002	1.66764E-002	9.17431E-005	...........	-327.63
	205	51.5	1.66607E-002	1.66487E-002	9.62764E-005	...........	-327.63
	206	51.75	1.66609E-002	1.66786E-002	9.60098E-005	...........	-327.63
	207	52	1.66616E-002	1.66507E-002	9.52097E-005	...........	-327.63
	208	52.25	1.66627E-002	1.66791E-002	9.66764E-005	...........	-327.63
	209	52.5	1.66637E-002	1.66503E-002	9.09431E-005	...........	-327.63
	210	52.75	1.66644E-002	1.66811E-002	9.42764E-005	...........	-327.63
	211	53	1.66649E-002	1.66521E-002	9.18098E-005	...........	-327.63
	212	53.25	1.66654E-002	1.66819E-002	9.58764E-005	...........	-327.63
	213	53.5	1.66660E-002	1.66508E-002	9.04098E-005	...........	-327.63
	214	53.75	1.66664E-002	1.66833E-002	9.74764E-005	...........	-327.63
	215	54	1.66667E-002	1.66531E-002	9.28764E-005	...........	-327.63
	216	54.25	1.66669E-002	1.66773E-002	9.69431E-005	...........	-327.63
	217	54.5	1.66670E-002	1.66559E-002	8.92764E-005	...........	-327.63
	218	54.75	1.66669E-002	1.66837E-002	9.47431E-005	...........	-327.63
	219	55	1.66672E-002	1.66607E-002	9.46764E-005	...........	-327.63
	220	55.25	1.66685E-002	1.66837E-002	9.30097E-005	...........	-327.63
	221	55.5	1.66701E-002	1.66615E-002	9.18764E-005	...........	-327.63
	222	55.75	1.66715E-002	1.66856E-002	9.50098E-005	...........	-327.63
	223	56	1.66724E-002	1.66632E-002	9.50764E-005	...........	-327.63
	224	56.25	1.66731E-002	1.66837E-002	9.47431E-005	...........	-327.63
	225	56.5	1.66736E-002	1.66634E-002	9.24098E-005	...........	-327.63
	226	56.75	1.66737E-002	1.66844E-002	9.10764E-005	...........	-327.63
	227	57	1.66739E-002	1.66683E-002	9.55431E-005	...........	-327.63
	228	57.25	1.66743E-002	1.66853E-002	9.12097E-005	...........	-327.63
	229	57.5	1.66751E-002	1.66692E-002	9.54097E-005	...........	-327.63
	230	57.75	1.66760E-002	1.66830E-002	9.64764E-005	...........	-327.63
	231	58	1.66765E-002	1.66692E-002	9.01431E-005	...........	-327.63
	232	58.25	1.66765E-002	1.66827E-002	9.60098E-005	...........	-327.63
	233	58.5	1.66764E-002	1.66710E-002	9.78764E-005	...........	-327.63
	234	58.75	1.66763E-002	1.66836E-002	1.01343E-004	...........	-327.63
	235	59	1.66765E-002	1.66720E-002	9.66764E-005	...........	-327.63
	236	59.25	1.66769E-002	1.66820E-002	9.61431E-005	...........	-327.63
	237	59.5	1.66772E-002	1.66728E-002	9.38764E-005	...........	-327.63
	238	59.75	1.66773E-002	1.66811E-002	9.52097E-005	...........	-327.63
	239	60	1.66773E-002	1.66744E-002	9.69431E-005	...........	-327.63
	240	60.25	1.66773E-002	1.66811E-002	9.42098E-005	...........	-327.63
	241	60.5	1.66774E-002	1.66745E-002	9.39431E-005	...........	-327.63
	242	60.75	1.66776E-002	1.66824E-002	9.32098E-005	...........	-327.63
	243	61	1.66778E-002	1.66740E-002	9.64098E-005	...........	-327.63
	244	61.25	1.66779E-002	1.66780E-002	9.50098E-005	...........	-327.63
	245	61.5	1.66777E-002	1.66742E-002	9.84764E-005	...........	-327.63
	246	61.75	1.66772E-002	1.66783E-002	9.47431E-005	...........	-327.63
	247	62	1.66766E-002	1.66737E-002	9.83431E-005	...........	-327.63
	248	62.25	1.66763E-002	1.66777E-002	9.34097E-005	...........	-327.63
	249	62.5	1.66762E-002	1.66807E-002	8.75431E-005	...........	-327.63
	250	62.75	1.66765E-002	1.66769E-002	1.01543E-004	...........	-327.63
	251	63	1.66774E-002	1.66809E-002	9.88098E-005	...........	-327.63
	252	63.25	1.66782E-002	1.66764E-002	9.28764E-005	...........	-327.63
	253	63.5	1.66787E-002	1.66822E-002	9.37431E-005	...........	-327.63
	254	63.75	1.66789E-002	1.66789E-002	9.56097E-005	...........	-327.63
	255	64	1.66794E-002	1.66861E-002	9.84764E-005	...........	-327.63
	256	64.25	1.66803E-002	1.66835E-002	9.42098E-005	...........	-327.63
	257	64.5	1.66816E-002	1.66847E-002	9.48097E-005	...........	-327.63
	258	64.75	1.66829E-002	1.66817E-002	9.93431E-005	...........	-327.63
	259	65	1.66836E-002	1.66848E-002	9.66764E-005	...........	-327.63
	260	65.25	1.66837E-002	1.66832E-002	9.84764E-005	...........	-327.63
	261	65.5	1.66837E-002	1.66841E-002	9.52764E-005	...........	-327.63
	262	65.75	1.66836E-002	1.66789E-002	9.46097E-005	...........	-327.63
	263	66	1.66832E-002	1.66826E-002	9.71431E-005	...........	-327.63
	264	66.25	1.66824E-002	1.66752E-002	9.72764E-005	...........	-327.63
	265	66.5	1.66813E-002	1.66826E-002	9.82097E-005	...........	-327.63
	266	66.75	1.66803E-002	1.66761E-002	1.02543E-004	...........	-327.63
	267	67	1.66795E-002	1.66819E-002	1.02076E-004	...........	-327.63
	268	67.25	1.66792E-002	1.66773E-002	9.86097E-005	...........	-327.63
	269	67.5	1.66792E-002	1.66814E-002	9.79431E-005	...........	-327.63
	270	67.75	1.66792E-002	1.66722E-002	1.00676E-004	...........	-327.63
	271	68	1.66789E-002	1.66828E-002	9.46764E-005	...........	-327.63
	272	68.25	1.66784E-002	1.66762E-002	1.00543E-004	...........	-327.63
	273	68.5	1.66782E-002	1.66819E-002	9.29431E-005	...........	-327.63
	274	68.75	1.66784E-002	1.66748E-002	9.71431E-005	...........	-327.63
	275	69	1.66787E-002	1.66841E-002	9.63431E-005	...........	-327.63
	276	69.25	1.66789E-002	1.66745E-002	9.82097E-005	...........	-327.63
	277	69.5	1.66790E-002	1.66831E-002	1.02676E-004	...........	-327.63
	278	69.75	1.66791E-002	1.66742E-002	9.22098E-005	...........	-327.63
	279	70	1.66791E-002	1.66850E-002	1.00076E-004	...........	-327.63
	280	70.25	1.66792E-002	1.66792E-002	1.02210E-004	...........	-327.63
	281	70.5	1.66798E-002	1.66897E-002	9.55431E-005	...........	-327.63
	282	70.75	1.66811E-002	1.66797E-002	9.67431E-005	...........	-327.63
	283	71	1.66826E-002	1.66911E-002	9.70098E-005	...........	-327.63
	284	71.25	1.66840E-002	1.66810E-002	9.36764E-005	...........	-327.63
	285	71.5	1.66850E-002	1.66924E-002	9.87431E-005	...........	-327.63
	286	71.75	1.66857E-002	1.66793E-002	9.11431E-005	...........	-327.63
	287	72	1.66860E-002	1.66880E-002	9.81431E-005	...........	-327.63
	288	72.25	1.66858E-002	1.66834E-002	8.76764E-005	...........	-327.63
	289	72.5	1.66855E-002	1.66954E-002	9.81431E-005	...........	-327.63
	290	72.75	1.66861E-002	1.66873E-002	9.28097E-005	...........	-327.63
	291	73	1.66876E-002	1.66973E-002	9.58764E-005	...........	-327.63
	292	73.25	1.66894E-002	1.66845E-002	9.08097E-005	...........	-327.63
	293	73.5	1.66907E-002	1.66953E-002	9.72097E-005	...........	-327.63
	294	73.75	1.66911E-002	1.66901E-002	9.54764E-005	...........	-327.63
	295	74	1.66912E-002	1.66905E-002	9.35431E-005	...........	-327.63
	296	74.25	1.66911E-002	1.66858E-002	9.78764E-005	...........	-327.63
	297	74.5	1.66906E-002	1.66942E-002	9.92097E-005	...........	-327.63
	298	74.75	1.66900E-002	1.66822E-002	9.48764E-005	...........	-327.63
	299	75	1.66894E-002	1.66945E-002	1.04810E-004	...........	-327.63
	300	75.25	1.66889E-002	1.66832E-002	9.56097E-005	...........	-327.63
	301	75.5	1.66886E-002	1.66924E-002	9.73431E-005	...........	-327.63
	302	75.75	1.66884E-002	1.66827E-002	1.00010E-004	...........	-327.63
	303	76	1.66881E-002	1.66890E-002	9.98764E-005	...........	-327.63
	304	76.25	1.66875E-002	1.66791E-002	9.70098E-005	...........	-327.63
	305	76.5	1.66866E-002	1.66939E-002	9.42098E-005	...........	-327.63
	306	76.75	1.66860E-002	1.66864E-002	1.00343E-004	...........	-327.63
	307	77	1.66865E-002	1.66945E-002	1.00876E-004	...........	-327.63
	308	77.25	1.66879E-002	1.66877E-002	9.52764E-005	...........	-327.63
	309	77.5	1.66892E-002	1.66884E-002	9.54764E-005	...........	-327.63
	310	77.75	1.66898E-002	1.66881E-002	9.58764E-005	...........	-327.63
	311	78	1.66895E-002	1.66905E-002	1.00076E-004	...........	-327.63
	312	78.25	1.66891E-002	1.66860E-002	9.28097E-005	...........	-327.63
	313	78.5	1.66888E-002	1.66921E-002	9.19431E-005	...........	-327.63
	314	78.75	1.66888E-002	1.66885E-002	9.49431E-005	...........	-327.63
	315	79	1.66890E-002	1.66914E-002	9.79431E-005	...........	-327.63
	316	79.25	1.66894E-002	1.66888E-002	9.40764E-005	...........	-327.63
	317	79.5	1.66898E-002	1.66928E-002	9.82097E-005	...........	-327.63
	318	79.75	1.66901E-002	1.66884E-002	9.50764E-005	...........	-327.63
	319	80	1.66903E-002	1.66905E-002	1.04810E-004	...........	-327.63
	320	80.25	1.66903E-002	1.66876E-002	9.82097E-005	...........	-327.63
	321	80.5	1.66900E-002	1.66931E-002	1.01010E-004	...........	-327.63
	322	80.75	1.66899E-002	1.66909E-002	9.56097E-005	...........	-327.63
	323	81	1.66902E-002	1.66929E-002	9.64764E-005	...........	-327.63
	324	81.25	1.66908E-002	1.66926E-002	9.63431E-005	...........	-327.63
	325	81.5	1.66916E-002	1.66938E-002	1.00076E-004	...........	-327.63
	326	81.75	1.66921E-002	1.66857E-002	1.01610E-004	...........	-327.63
	327	82	1.66921E-002	1.66958E-002	1.00276E-004	...........	-327.63
	328	82.25	1.66918E-002	1.66960E-002	9.54097E-005	...........	-327.63
	329	82.5	1.66921E-002	1.66968E-002	9.86097E-005	...........	-327.63
	330	82.75	1.66934E-002	1.66962E-002	1.01743E-004	...........	-327.63
	331	83	1.66949E-002	1.66974E-002	9.85431E-005	...........	-327.63
	332	83.25	1.66960E-002	1.66986E-002	1.00743E-004	...........	-327.63
	333	83.5	1.66968E-002	1.66965E-002	1.02343E-004	...........	-327.63
	334	83.75	1.66973E-002	1.66985E-002	9.42098E-005	...........	-327.63
	335	84	1.66974E-002	1.66918E-002	9.86764E-005	...........	-327.63
	336	84.25	1.66971E-002	1.67004E-002	9.52764E-005	...........	-327.63
	337	84.5	1.66967E-002	1.66981E-002	9.84764E-005	...........	-327.63
	338	84.75	1.66969E-002	1.67015E-002	9.46764E-005	...........	-327.63
	339	85	1.66977E-002	1.66985E-002	9.34097E-005	...........	-327.63
	340	85.25	1.66987E-002	1.67004E-002	9.92764E-005	...........	-327.63
	341	85.5	1.66994E-002	1.66995E-002	9.66764E-005	...........	-327.63
	342	85.75	1.66998E-002	1.67019E-002	1.00343E-004	...........	-327.63
	343	86	1.66999E-002	1.66941E-002	9.64098E-005	...........	-327.63
	344	86.25	1.66998E-002	1.67047E-002	9.02097E-005	...........	-327.63
	345	86.5	1.66996E-002	1.66994E-002	9.36097E-005	...........	-327.63
	346	86.75	1.66998E-002	1.67053E-002	9.60098E-005	...........	-327.63
	347	87	1.67005E-002	1.66974E-002	9.28097E-005	...........	-327.63
	348	87.25	1.67013E-002	1.67071E-002	9.24764E-005	...........	-327.63
	349	87.5	1.67017E-002	1.66965E-002	9.26098E-005	...........	-327.63
	350	87.75	1.67020E-002	1.67101E-002	9.19431E-005	...........	-327.63
	351	88	1.67023E-002	1.66999E-002	9.28097E-005	...........	-327.63
	352	88.25	1.67030E-002	1.67136E-002	9.54764E-005	...........	-327.63
	353	88.5	1.67041E-002	1.67003E-002	9.42764E-005	...........	-327.63
	354	88.75	1.67054E-002	1.67170E-002	9.38764E-005	...........	-327.63
	355	89	1.67066E-002	1.66993E-002	9.01431E-005	...........	-327.63
	356	89.25	1.67075E-002	1.67157E-002	9.02097E-005	...........	-327.63
	357	89.5	1.67079E-002	1.67003E-002	9.50098E-005	...........	-327.63
	358	89.75	1.67080E-002	1.67173E-002	9.55431E-005	...........	-327.63
	359	90	1.67081E-002	1.66966E-002	9.23431E-005	...........	-327.63
	360	90.25	1.67080E-002	1.67162E-002	9.42764E-005	...........	-327.63
	361	90.5	1.67076E-002	1.66975E-002	9.51431E-005	...........	-327.63
	362	90.75	1.67072E-002	1.67170E-002	9.65431E-005	...........	-327.63
	363	91	1.67069E-002	1.66960E-002	9.25431E-005	...........	-327.63
	364	91.25	1.67069E-002	1.67212E-002	9.26764E-005	...........	-327.63
	365	91.5	1.67072E-002	1.66983E-002	9.25431E-005	...........	-327.63
	366	91.75	1.67080E-002	1.67260E-002	9.21431E-005	...........	-327.63
	367	92	1.67091E-002	1.66972E-002	9.27431E-005	...........	-327.63
	368	92.25	1.67103E-002	1.67239E-002	8.99431E-005	...........	-327.63
	369	92.5	1.67110E-002	1.66979E-002	8.93431E-005	...........	-327.63
	370	92.75	1.67112E-002	1.67245E-002	9.12764E-005	...........	-327.63
	371	93	1.67112E-002	1.67009E-002	9.25431E-005	...........	-327.63
	372	93.25	1.67115E-002	1.67292E-002	9.08097E-005	...........	-327.63
	373	93.5	1.67124E-002	1.67043E-002	8.93431E-005	...........	-327.63
	374	93.75	1.67138E-002	1.67281E-002	9.59431E-005	...........	-327.63
	375	94	1.67150E-002	1.67028E-002	9.54097E-005	...........	-327.63
	376	94.25	1.67158E-002	1.67308E-002	9.25431E-005	...........	-327.63
	377	94.5	1.67162E-002	1.67076E-002	9.40097E-005	...........	-327.63
	378	94.75	1.67169E-002	1.67319E-002	9.54764E-005	...........	-327.63
	379	95	1.67177E-002	1.67004E-002	9.17431E-005	...........	-327.63
	380	95.25	1.67180E-002	1.67286E-002	9.13431E-005	...........	-327.63
	381	95.5	1.67174E-002	1.67014E-002	9.16097E-005	...........	-327.63
	382	95.75	1.67161E-002	1.67202E-002	9.56764E-005	...........	-327.63
	383	96	1.67146E-002	1.67029E-002	9.12764E-005	...........	-327.63
	384	96.25	1.67133E-002	1.67277E-002	9.33431E-005	...........	-327.63
	385	96.5	1.67129E-002	1.67032E-002	9.38764E-005	...........	-327.63
	386	96.75	1.67135E-002	1.67304E-002	9.29431E-005	...........	-327.63
	387	97	1.67147E-002	1.67032E-002	9.58098E-005	...........	-327.63
	388	97.25	1.67158E-002	1.67329E-002	9.52097E-005	...........	-327.63
	389	97.5	1.67167E-002	1.67031E-002	9.58764E-005	...........	-327.63
	390	97.75	1.67173E-002	1.67338E-002	9.85431E-005	...........	-327.63
	391	98	1.67178E-002	1.67028E-002	9.05431E-005	...........	-327.63
	392	98.25	1.67182E-002	1.67339E-002	9.11431E-005	...........	-327.63
	393	98.5	1.67184E-002	1.67053E-002	9.27431E-005	...........	-327.63
	394	98.75	1.67186E-002	1.67351E-002	9.51431E-005	...........	-327.63
	395	99	1.67191E-002	1.67041E-002	9.69431E-005	...........	-327.63
	396	99.25	1.67195E-002	1.67373E-002	9.07431E-005	...........	-327.63
	397	99.5	1.67200E-002	1.67084E-002	9.58098E-005	...........	-327.63
	398	99.75	1.67206E-002	1.67373E-002	9.36097E-005	...........	-327.63
	399	100	1.67215E-002	1.67077E-002	9.60764E-005	...........	-327.63
EOC	QUANT	0.0167215	Open Circuit (V)
PSTATMODEL	IQUANT	5	Pstat Model
PSTATSECTION	LABEL	REF3000-20110	Pstat Section
PSTATSERIALNO	LABEL	20110	Pstat Serial Number
CTRLMODE	IQUANT	0	Control Mode
ELECTROMETER	IQUANT	0	RE=0 or CS=1
IESTAB	IQUANT	0	I/E Stability
CASPEED	IQUANT	4	Control Amp Speed
CONVENTION	IQUANT	1	Current Convention
ICHRANGE	IQUANT	2	Ich Range
ICHRANGEMODE	TOGGLE	F	Ich Auto Range
ICHOFFSETENABLE	TOGGLE	T	Ich Offset Enable
ICHOFFSET	QUANT	0	Ich Offset (V)
ICHFILTER	IQUANT	3	Ich Filter
VCHRANGE	IQUANT	2	Vch Range
VCHRANGEMODE	TOGGLE	F	Vch Auto Range
VCHOFFSETENABLE	TOGGLE	T	Vch Offset Enable
VCHOFFSET	QUANT	0	Vch Offset (V)
VCHFILTER	IQUANT	3	Vch Filter
ACHRANGE	IQUANT	2	Ach Range
ACHOFFSETENABLE	TOGGLE	F	Ach Offset Enable
ACHOFFSET	QUANT	0	Ach Offset (V)
ACHFILTER	IQUANT	1	Ach Filter
IERANGELOWERLIMIT	IQUANT	2	I/E Range Lower Limit
IERANGEMODE	TOGGLE	F	I/E AutoRange
IERANGE	IQUANT	11	I/E Range
POSFEEDENABLE	TOGGLE	F	Positive Feedback IR Comp
POSFEEDRESISTANCE	QUANT	0	Positive Feedback Resistance (ohm)
ACHSELECT	IQUANT	4	Ach Select
SENSECABLEID	IQUANT	14	Sense Cable ID
PWRCABLEID	IQUANT	7	Power Cable ID
DCCALDATE	LABEL	8/9/2022	DC Calibration Date
ACCALDATE	LABEL	8/9/2022	AC Calibration Date
THERMOSELECT	IQUANT	1	Thermo Select
FRAMEWORKVERSION	LABEL	7.9.0	Framework Version
INSTRUMENTVERSION	LABEL	4.60	Instrument Version
COMPLIANCEVOLTAGE	IQUANT	0	Compliance Voltage
ZCURVE	TABLE
	Pt	Time	Freq	Zreal	Zimag	Zsig	Zmod	Zphz	Idc	Vdc	IERange
	#	s	Hz	ohm	ohm	V	ohm	°	A	V	#
	0	5	1000078	2.655106	-4.335502	1	5.083912	-58.51627	1.686521E-006	0.0281526	9
	1	7	794390.6	2.514847	-3.486169	1	4.298584	-54.19414	5.428624E-007	0.0025866	9
	2	8	630984.4	2.466647	-2.791823	1	3.725402	-48.53858	-1.239725E-006	0.0200827	9
	3	10	501234.4	2.447012	-2.249298	1	3.323734	-42.58928	-2.388729E-006	0.0144622	9
	4	12	398109.4	2.428973	-1.787399	1	3.015743	-36.34809	-2.699696E-006	0.0185215	9
	5	13	316265.6	2.431176	-1.405393	1	2.808158	-30.03098	-2.829032E-006	0.0157611	9
	6	15	251203.1	2.381986	-1.107854	1	2.627014	-24.94299	-3.012785E-006	0.0182838	9
	7	17	199546.9	2.403478	-0.8718553	1	2.556725	-19.9381	-3.008572E-006	0.0149844	9
	8	18	158578.1	2.395606	-0.6702351	1	2.487597	-15.63039	-2.85903E-006	0.0182449	9
	9	20	125953.1	2.355035	-0.5699949	1	2.423032	-13.60579	-3.748248E-006	0.0150973	9
	10	21	100078.1	2.399176	-0.4526469	1	2.441503	-10.68427	-1.972874E-006	0.0138186	9
	11	23	79453.13	2.380484	-0.3724731	1	2.409448	-8.892936	-2.49948E-006	0.0135914	9
	12	24	63140.62	2.386507	-0.2976937	1	2.405003	-7.110367	-2.549243E-006	0.0194905	9
	13	26	50203.12	2.380392	-0.2405487	1	2.392515	-5.770391	-2.594234E-006	0.0183537	9
	14	28	39890.62	2.401818	-0.2104057	1	2.411016	-5.006483	-2.554662E-006	0.014257	9
	15	29	31640.63	2.397073	-0.1881283	1	2.404444	-4.487518	-2.6444E-006	0.0183382	9
	16	31	25171.88	2.394818	-0.1568237	1	2.399947	-3.746642	-2.177826E-006	0.0202337	9
	17	32	20015.62	2.397006	-0.1316776	1	2.40062	-3.144338	-2.788377E-006	0.0142904	9
	18	34	15890.62	2.409742	-0.1340988	1	2.413471	-3.185145	-2.573945E-006	0.0198161	9
	19	35	12609.38	2.420871	-0.1176197	1	2.423726	-2.781568	-2.610927E-006	0.0167955	9
	20	37	10078.13	2.425266	-0.133286	1	2.428925	-3.145656	-2.627975E-006	0.0167875	9
	21	39	8015.625	2.436744	-0.1176971	1	2.439585	-2.765293	-2.956382E-006	0.0153778	9
	22	40	6328.125	2.451325	-0.1094076	1	2.453765	-2.555531	-3.054465E-006	0.0183167	9
	23	42	5015.625	2.452605	-0.1162467	1	2.455358	-2.71363	-2.135031E-006	0.0139317	9
	24	44	3984.375	2.464684	-0.1292092	1	2.468069	-3.00094	-2.443129E-006	0.018726	9
	25	45	3170.956	2.4796	-0.1459018	1	2.483889	-3.367451	-2.720587E-006	0.0136123	9
	26	46	2527.573	2.489762	-0.1560548	1	2.494648	-3.586528	-2.608504E-006	0.0144171	9
	27	48	1976.103	2.500967	-0.1881037	1	2.508031	-4.301253	-2.260197E-006	0.0139549	9
	28	49	1577.524	2.512017	-0.1977572	1	2.519789	-4.501295	-2.923741E-006	0.013631	9
	29	51	1265.625	2.537457	-0.2392368	1	2.548709	-5.386047	-2.284807E-006	0.0198346	9
	30	52	998.264	2.544519	-0.2805774	1	2.559942	-6.292434	-2.530917E-006	0.0136175	9
	31	54	796.875	2.569675	-0.3135723	1	2.588737	-6.957291	-2.834776E-006	0.0144112	9
	32	55	627.7902	2.589775	-0.375792	1	2.616898	-8.256338	-2.196857E-006	0.0202737	9
	33	56	505.5147	2.621782	-0.4442781	1	2.659158	-9.61778	-2.492788E-006	0.0167386	9
	34	58	397.9953	2.661059	-0.5337043	1	2.714051	-11.34083	-2.529045E-006	0.0167186	9
	35	59	315.5048	2.710786	-0.6372209	1	2.784674	-13.22828	-2.48227E-006	0.0167228	9
	36	61	252.4038	2.77304	-0.7567382	1	2.87444	-15.26386	-2.521766E-006	0.0167174	9
	37	62	198.6229	2.864336	-0.9044618	1	3.003742	-17.52438	-2.472068E-006	0.0167351	9
	38	63	158.3615	2.979174	-1.063413	1	3.163277	-19.64396	-2.503781E-006	0.0167187	9
	39	65	125.558	3.134089	-1.240703	1	3.370736	-21.59729	-2.468324E-006	0.0166726	9
	40	66	100.4464	3.325682	-1.414694	1	3.614073	-23.04415	-2.517782E-006	0.0166865	9
	41	68	79.00281	3.585116	-1.598581	1	3.925369	-24.0318	-2.511113E-006	0.0166447	9
	42	69	63.3446	3.87117	-1.739386	1	4.243987	-24.19523	-2.485547E-006	0.01664	9
	43	71	50.22321	4.210395	-1.759088	1	4.563093	-22.675	-2.194655E-006	0.0165822	9
	44	72	38.42213	4.601534	-1.889531	1	4.974379	-22.32456	-2.477937E-006	0.0166164	9
	45	74	31.25	4.918952	-1.871302	1	5.262876	-20.82816	-2.409811E-006	0.0166325	9
	46	75	24.93351	5.24173	-1.822745	1	5.549607	-19.17447	-2.50311E-006	0.0165747	9
	47	76	19.86229	5.506618	-1.710944	1	5.766296	-17.26037	-2.648102E-006	0.0166065	9
	48	78	15.625	5.7873	-1.621808	1	6.01025	-15.65477	-2.525139E-006	0.0166043	9
	49	79	12.40079	6.015752	-1.544106	1	6.21076	-14.39575	-2.398217E-006	0.0164651	9
	50	80	9.93114	6.221463	-1.475987	1	6.394149	-13.34618	-2.642816E-006	0.0163587	9
	51	82	7.944915	6.389374	-1.397131	1	6.540342	-12.33443	-2.365555E-006	0.0163437	9
	52	84	6.317385	6.503181	-1.28721	1	6.629349	-11.19615	-2.335769E-006	0.0164631	9
	53	86	5.008013	6.667081	-1.258081	1	6.784743	-10.68608	-2.255908E-006	0.0163414	9
	54	89	3.945707	6.835027	-1.235436	1	6.945782	-10.24563	-2.308048E-006	0.0162342	9
	55	91	3.158693	6.906931	-1.164515	1	7.004413	-9.57012	-2.992502E-006	0.0163605	9
	56	95	2.504006	7.114141	-1.19794	1	7.214295	-9.55829	-2.395706E-006	0.0161141	9
	57	99	1.998082	7.214118	-1.170576	1	7.30847	-9.216592	-2.136884E-006	0.0160613	9
	58	103	1.584686	7.319046	-1.154897	1	7.409603	-8.96696	-4.643964E-006	0.0161008	9
	59	109	1.266892	7.523096	-1.198524	1	7.617968	-9.05187	-2.999908E-006	0.0159417	9
	60	116	0.999041	7.538464	-1.131274	1	7.622875	-8.534514	-2.643116E-006	0.016224	9
