EXPLAIN
TAG	GALVEIS
TITLE	LABEL	Galvanostatic EIS	Test &Identifier
DATE	LABEL	8-12-2022	Date
TIME	LABEL	17:11:27	Time
NOTES	NOTES	1	&Notes...
	
PSTAT	PSTAT	REF3000-20110	Potentiostat
IDCREQ	QUANT	0.00000E+000	DC &Current (A)
FREQINIT	QUANT	1.00000E+006	Initial Fre&q. (Hz)
FREQFINAL	QUANT	1.00000E-002	Final Fre&q. (Hz)
PTSPERDEC	QUANT	1.00000E+001	Points/&decade
IACREQ	QUANT	1.00000E-003	AC &Current (A rms)
AREA	QUANT	1.00000E+000	&Area (cm^2)
CONDIT	TWOPARAM	F	1.50000E+001	0.00000E+000	Conditionin&g	Time(s)	E(V)
DELAY	TWOPARAM	T	1.00000E+002	0.00000E+000	Init. De&lay	Time(s)	Stab.(mV/s)
SPEED	SELECTOR	1	&Optimize for:
THD	SELECTOR	0	T&HD
DRIFTCOR	SELECTOR	0	&Drift Correction
ZGUESS	QUANT	1.00000E+001	E&stimated Z (ohms)
OCVCURVE	TABLE	400
	Pt	T	Vf	Vm	Ach	Over	Temp
	#	s	V vs. Ref.	V	V	bits	deg C
	0	0.25	-3.58160E-002	-3.58160E-002	6.21431E-005	...........	-327.63
	1	0.5	-3.58151E-002	-3.57701E-002	2.50764E-005	...........	-327.63
	2	0.75	-3.58112E-002	-3.58065E-002	9.62098E-005	...........	-327.63
	3	1	-3.58036E-002	-3.57482E-002	-3.21236E-005	...........	-327.63
	4	1.25	-3.57935E-002	-3.57678E-002	6.12764E-005	...........	-327.63
	5	1.5	-3.57814E-002	-3.57122E-002	1.11431E-005	...........	-327.63
	6	1.75	-3.57669E-002	-3.57302E-002	6.42098E-005	...........	-327.63
	7	2	-3.57506E-002	-3.56933E-002	-3.65902E-005	...........	-327.63
	8	2.25	-3.57342E-002	-3.57059E-002	1.04676E-004	...........	-327.63
	9	2.5	-3.57197E-002	-3.56804E-002	9.34308E-006	...........	-327.63
	10	2.75	-3.57077E-002	-3.56914E-002	5.48764E-005	...........	-327.63
	11	3	-3.56981E-002	-3.56684E-002	-9.39025E-006	...........	-327.63
	12	3.25	-3.56897E-002	-3.56527E-002	9.52764E-005	...........	-327.63
	13	3.5	-3.56805E-002	-3.56371E-002	-3.00569E-005	...........	-327.63
	14	3.75	-3.56686E-002	-3.56234E-002	5.41431E-005	...........	-327.63
	15	4	-3.56546E-002	-3.56107E-002	2.78764E-005	...........	-327.63
	16	4.25	-3.56400E-002	-3.56030E-002	9.76764E-005	...........	-327.63
	17	4.5	-3.56274E-002	-3.56571E-002	-3.13902E-005	...........	-327.63
	18	4.75	-3.56223E-002	-3.56809E-002	7.69431E-005	...........	-327.63
	19	5	-3.56309E-002	-3.57688E-002	1.73431E-005	...........	-327.63
	20	5.25	-3.56568E-002	-3.58048E-002	6.67431E-005	...........	-327.63
	21	5.5	-3.56991E-002	-3.59105E-002	-2.39236E-005	...........	-327.63
	22	5.75	-3.57539E-002	-3.59223E-002	1.16343E-004	...........	-327.63
	23	6	-3.58156E-002	-3.60366E-002	2.52098E-005	...........	-327.63
	24	6.25	-3.58789E-002	-3.60241E-002	5.54764E-005	...........	-327.63
	25	6.5	-3.59400E-002	-3.61309E-002	-2.66569E-005	...........	-327.63
	26	6.75	-3.59960E-002	-3.60887E-002	9.28764E-005	...........	-327.63
	27	7	-3.60448E-002	-3.61752E-002	-3.23236E-005	...........	-327.63
	28	7.25	-3.60842E-002	-3.61126E-002	3.16764E-005	...........	-327.63
	29	7.5	-3.61132E-002	-3.61838E-002	-1.16569E-005	...........	-327.63
	30	7.75	-3.61320E-002	-3.61050E-002	7.62097E-005	...........	-327.63
	31	8	-3.61419E-002	-3.61773E-002	-6.90569E-005	...........	-327.63
	32	8.25	-3.61444E-002	-3.60801E-002	4.99431E-005	...........	-327.63
	33	8.5	-3.61413E-002	-3.61503E-002	-2.93236E-005	...........	-327.63
	34	8.75	-3.61335E-002	-3.60478E-002	4.52097E-005	...........	-327.63
	35	9	-3.61217E-002	-3.61020E-002	-5.48569E-005	...........	-327.63
	36	9.25	-3.61058E-002	-3.59863E-002	7.62764E-005	...........	-327.63
	37	9.5	-3.60850E-002	-3.60311E-002	-7.19025E-006	...........	-327.63
	38	9.75	-3.60588E-002	-3.59185E-002	3.86764E-005	...........	-327.63
	39	10	-3.60279E-002	-3.59454E-002	-4.39236E-005	...........	-327.63
	40	10.25	-3.59929E-002	-3.58327E-002	9.01431E-005	...........	-327.63
	41	10.5	-3.59545E-002	-3.58570E-002	-4.57236E-005	...........	-327.63
	42	10.75	-3.59135E-002	-3.57537E-002	2.76097E-005	...........	-327.63
	43	11	-3.58711E-002	-3.57612E-002	1.14308E-006	...........	-327.63
	44	11.25	-3.58279E-002	-3.56639E-002	9.69431E-005	...........	-327.63
	45	11.5	-3.57837E-002	-3.56664E-002	-3.85902E-005	...........	-327.63
	46	11.75	-3.57386E-002	-3.55819E-002	5.06098E-005	...........	-327.63
	47	12	-3.56936E-002	-3.55873E-002	6.27642E-006	...........	-327.63
	48	12.25	-3.56510E-002	-3.55516E-002	6.61431E-005	...........	-327.63
	49	12.5	-3.56132E-002	-3.55151E-002	-1.29236E-005	...........	-327.63
	50	12.75	-3.55798E-002	-3.54497E-002	1.10543E-004	...........	-327.63
	51	13	-3.55454E-002	-3.54078E-002	1.88098E-005	...........	-327.63
	52	13.25	-3.55057E-002	-3.53752E-002	4.15431E-005	...........	-327.63
	53	13.5	-3.54616E-002	-3.53186E-002	-5.26569E-005	...........	-327.63
	54	13.75	-3.54166E-002	-3.52898E-002	9.42098E-005	...........	-327.63
	55	14	-3.53725E-002	-3.52375E-002	-2.40569E-005	...........	-327.63
	56	14.25	-3.53300E-002	-3.52346E-002	2.86764E-005	...........	-327.63
	57	14.5	-3.52908E-002	-3.51864E-002	-3.57236E-005	...........	-327.63
	58	14.75	-3.52570E-002	-3.52162E-002	5.23431E-005	...........	-327.63
	59	15	-3.52303E-002	-3.51719E-002	-8.21903E-005	...........	-327.63
	60	15.25	-3.52117E-002	-3.52112E-002	1.77431E-005	...........	-327.63
	61	15.5	-3.52000E-002	-3.51533E-002	-1.88569E-005	...........	-327.63
	62	15.75	-3.51924E-002	-3.52038E-002	3.31431E-005	...........	-327.63
	63	16	-3.51865E-002	-3.51453E-002	-7.31902E-005	...........	-327.63
	64	16.25	-3.51819E-002	-3.52159E-002	6.70097E-005	...........	-327.63
	65	16.5	-3.51795E-002	-3.51661E-002	-1.79902E-005	...........	-327.63
	66	16.75	-3.51814E-002	-3.52575E-002	1.68098E-005	...........	-327.63
	67	17	-3.51890E-002	-3.51984E-002	-7.72569E-005	...........	-327.63
	68	17.25	-3.52014E-002	-3.52801E-002	4.20764E-005	...........	-327.63
	69	17.5	-3.52160E-002	-3.52107E-002	-7.35902E-005	...........	-327.63
	70	17.75	-3.52294E-002	-3.52984E-002	-2.12358E-006	...........	-327.63
	71	18	-3.52406E-002	-3.52343E-002	-2.99236E-005	...........	-327.63
	72	18.25	-3.52512E-002	-3.53560E-002	6.36764E-005	...........	-327.63
	73	18.5	-3.52648E-002	-3.52945E-002	-8.93902E-005	...........	-327.63
	74	18.75	-3.52837E-002	-3.53965E-002	-4.56916E-007	...........	-327.63
	75	19	-3.53063E-002	-3.53181E-002	-4.41902E-005	...........	-327.63
	76	19.25	-3.53283E-002	-3.54129E-002	-5.52358E-006	...........	-327.63
	77	19.5	-3.53462E-002	-3.53392E-002	-1.04057E-004	...........	-327.63
	78	19.75	-3.53597E-002	-3.54268E-002	1.44764E-005	...........	-327.63
	79	20	-3.53698E-002	-3.53414E-002	-5.45236E-005	...........	-327.63
	80	20.25	-3.53769E-002	-3.54170E-002	-5.12358E-006	...........	-327.63
	81	20.5	-3.53802E-002	-3.53198E-002	-9.35902E-005	...........	-327.63
	82	20.75	-3.53785E-002	-3.53825E-002	2.77431E-005	...........	-327.63
	83	21	-3.53714E-002	-3.52889E-002	-8.65236E-005	...........	-327.63
	84	21.25	-3.53597E-002	-3.53492E-002	-1.77236E-005	...........	-327.63
	85	21.5	-3.53449E-002	-3.52549E-002	-1.76457E-004	...........	-327.63
	86	21.75	-3.53289E-002	-3.53237E-002	-2.28857E-004	...........	-327.63
	87	22	-3.53133E-002	-3.52465E-002	-2.98524E-004	...........	-327.63
	88	22.25	-3.53001E-002	-3.53205E-002	-2.75790E-004	...........	-327.63
	89	22.5	-3.52908E-002	-3.52405E-002	-2.23924E-004	...........	-327.63
	90	22.75	-3.52850E-002	-3.53080E-002	-2.56057E-004	...........	-327.63
	91	23	-3.52809E-002	-3.52320E-002	-3.11857E-004	...........	-327.63
	92	23.25	-3.52766E-002	-3.52847E-002	-2.63390E-004	...........	-327.63
	93	23.5	-3.52709E-002	-3.52077E-002	-2.47124E-004	...........	-327.63
	94	23.75	-3.52630E-002	-3.52628E-002	-3.08190E-004	...........	-327.63
	95	24	-3.52530E-002	-3.51805E-002	-3.12590E-004	...........	-327.63
	96	24.25	-3.52413E-002	-3.52250E-002	-2.51857E-004	...........	-327.63
	97	24.5	-3.52278E-002	-3.51450E-002	-2.48190E-004	...........	-327.63
	98	24.75	-3.52126E-002	-3.52021E-002	-2.90724E-004	...........	-327.63
	99	25	-3.51971E-002	-3.51287E-002	-2.58657E-004	...........	-327.63
	100	25.25	-3.51831E-002	-3.51850E-002	-2.55390E-004	...........	-327.63
	101	25.5	-3.51715E-002	-3.51150E-002	-3.35790E-004	...........	-327.63
	102	25.75	-3.51620E-002	-3.51639E-002	-3.18657E-004	...........	-327.63
	103	26	-3.51531E-002	-3.50846E-002	-2.69924E-004	...........	-327.63
	104	26.25	-3.51433E-002	-3.51348E-002	-2.54990E-004	...........	-327.63
	105	26.5	-3.51315E-002	-3.50535E-002	-3.02324E-004	...........	-327.63
	106	26.75	-3.51179E-002	-3.51048E-002	-2.55790E-004	...........	-327.63
	107	27	-3.51033E-002	-3.50283E-002	-2.46924E-004	...........	-327.63
	108	27.25	-3.50888E-002	-3.50875E-002	-3.02924E-004	...........	-327.63
	109	27.5	-3.50757E-002	-3.50182E-002	-3.18724E-004	...........	-327.63
	110	27.75	-3.50650E-002	-3.50770E-002	-2.62057E-004	...........	-327.63
	111	28	-3.50568E-002	-3.50061E-002	-2.66657E-004	...........	-327.63
	112	28.25	-3.50504E-002	-3.50694E-002	-3.29124E-004	...........	-327.63
	113	28.5	-3.50451E-002	-3.49985E-002	-2.73057E-004	...........	-327.63
	114	28.75	-3.50406E-002	-3.50732E-002	-2.84324E-004	...........	-327.63
	115	29	-3.50377E-002	-3.50089E-002	-3.46524E-004	...........	-327.63
	116	29.25	-3.50373E-002	-3.50889E-002	-3.44590E-004	...........	-327.63
	117	29.5	-3.50400E-002	-3.50299E-002	-2.82857E-004	...........	-327.63
	118	29.75	-3.50460E-002	-3.51222E-002	-2.70457E-004	...........	-327.63
	119	30	-3.50557E-002	-3.50754E-002	-3.16990E-004	...........	-327.63
	120	30.25	-3.50698E-002	-3.51787E-002	-2.76924E-004	...........	-327.63
	121	30.5	-3.50887E-002	-3.51269E-002	-2.64190E-004	...........	-327.63
	122	30.75	-3.51119E-002	-3.52389E-002	-3.29657E-004	...........	-327.63
	123	31	-3.51380E-002	-3.51838E-002	-3.47857E-004	...........	-327.63
	124	31.25	-3.51657E-002	-3.52881E-002	-2.77457E-004	...........	-327.63
	125	31.5	-3.51934E-002	-3.52291E-002	-2.62924E-004	...........	-327.63
	126	31.75	-3.52198E-002	-3.53288E-002	-3.36657E-004	...........	-327.63
	127	32	-3.52440E-002	-3.52638E-002	-2.92790E-004	...........	-327.63
	128	32.25	-3.52659E-002	-3.53687E-002	-2.79990E-004	...........	-327.63
	129	32.5	-3.52860E-002	-3.52980E-002	-3.27390E-004	...........	-327.63
	130	32.75	-3.53048E-002	-3.54012E-002	-3.48590E-004	...........	-327.63
	131	33	-3.53228E-002	-3.53352E-002	-3.06990E-004	...........	-327.63
	132	33.25	-3.53405E-002	-3.54408E-002	-2.83724E-004	...........	-327.63
	133	33.5	-3.53587E-002	-3.53894E-002	-3.29790E-004	...........	-327.63
	134	33.75	-3.53789E-002	-3.55011E-002	-3.00924E-004	...........	-327.63
	135	34	-3.54025E-002	-3.54546E-002	-2.61190E-004	...........	-327.63
	136	34.25	-3.54294E-002	-3.55563E-002	-3.14190E-004	...........	-327.63
	137	34.5	-3.54586E-002	-3.55171E-002	-3.10324E-004	...........	-327.63
	138	34.75	-3.54878E-002	-3.55716E-002	-2.49990E-004	...........	-327.63
	139	35	-3.55130E-002	-3.54976E-002	-2.33057E-004	...........	-327.63
	140	35.25	-3.55295E-002	-3.55736E-002	-3.04257E-004	...........	-327.63
	141	35.5	-3.55413E-002	-3.57465E-002	-2.91857E-004	...........	-327.63
	142	35.75	-3.55686E-002	-3.58986E-002	-2.41390E-004	...........	-327.63
	143	36	-3.56307E-002	-3.58446E-002	-3.16724E-004	...........	-327.63
	144	36.25	-3.57170E-002	-3.58707E-002	-3.10124E-004	...........	-327.63
	145	36.5	-3.57931E-002	-3.57889E-002	-2.62457E-004	...........	-327.63
	146	36.75	-3.58334E-002	-3.57863E-002	-2.67990E-004	...........	-327.63
	147	37	-3.58357E-002	-3.57178E-002	-3.25657E-004	...........	-327.63
	148	37.25	-3.58120E-002	-3.56973E-002	-3.19790E-004	...........	-327.63
	149	37.5	-3.57755E-002	-3.56401E-002	-2.79524E-004	...........	-327.63
	150	37.75	-3.57346E-002	-3.56238E-002	-3.40390E-004	...........	-327.63
	151	38	-3.56940E-002	-3.55791E-002	-3.21190E-004	...........	-327.63
	152	38.25	-3.56559E-002	-3.55659E-002	-2.75057E-004	...........	-327.63
	153	38.5	-3.56218E-002	-3.55413E-002	-2.85590E-004	...........	-327.63
	154	38.75	-3.55917E-002	-3.55019E-002	-3.43924E-004	...........	-327.63
	155	39	-3.55641E-002	-3.54742E-002	-3.20457E-004	...........	-327.63
	156	39.25	-3.55356E-002	-3.54096E-002	-2.52057E-004	...........	-327.63
	157	39.5	-3.55033E-002	-3.53983E-002	-3.13057E-004	...........	-327.63
	158	39.75	-3.54668E-002	-3.53355E-002	-3.07790E-004	...........	-327.63
	159	40	-3.54286E-002	-3.53469E-002	-2.26457E-004	...........	-327.63
	160	40.25	-3.53919E-002	-3.52693E-002	-2.35590E-004	...........	-327.63
	161	40.5	-3.53581E-002	-3.52900E-002	-2.87790E-004	...........	-327.63
	162	40.75	-3.53273E-002	-3.52485E-002	-3.14724E-004	...........	-327.63
	163	41	-3.53016E-002	-3.52997E-002	-2.81257E-004	...........	-327.63
	164	41.25	-3.52837E-002	-3.52342E-002	-3.38124E-004	...........	-327.63
	165	41.5	-3.52743E-002	-3.53171E-002	-3.43524E-004	...........	-327.63
	166	41.75	-3.52715E-002	-3.52529E-002	-2.73390E-004	...........	-327.63
	167	42	-3.52739E-002	-3.53348E-002	-2.70190E-004	...........	-327.63
	168	42.25	-3.52800E-002	-3.52723E-002	-3.23924E-004	...........	-327.63
	169	42.5	-3.52885E-002	-3.53568E-002	-3.00990E-004	...........	-327.63
	170	42.75	-3.52977E-002	-3.52726E-002	-2.62457E-004	...........	-327.63
	171	43	-3.53059E-002	-3.53558E-002	-3.23457E-004	...........	-327.63
	172	43.25	-3.53114E-002	-3.52800E-002	-3.29724E-004	...........	-327.63
	173	43.5	-3.53145E-002	-3.53529E-002	-2.75590E-004	...........	-327.63
	174	43.75	-3.53159E-002	-3.52695E-002	-2.77990E-004	...........	-327.63
	175	44	-3.53155E-002	-3.53467E-002	-3.32924E-004	...........	-327.63
	176	44.25	-3.53135E-002	-3.52647E-002	-3.28790E-004	...........	-327.63
	177	44.5	-3.53103E-002	-3.53280E-002	-2.99790E-004	...........	-327.63
	178	44.75	-3.53059E-002	-3.52449E-002	-3.32724E-004	...........	-327.63
	179	45	-3.52996E-002	-3.52993E-002	-3.37924E-004	...........	-327.63
	180	45.25	-3.52906E-002	-3.52168E-002	-2.89657E-004	...........	-327.63
	181	45.5	-3.52792E-002	-3.52701E-002	-2.63390E-004	...........	-327.63
	182	45.75	-3.52662E-002	-3.51942E-002	-3.37257E-004	...........	-327.63
	183	46	-3.52524E-002	-3.52288E-002	-3.33857E-004	...........	-327.63
	184	46.25	-3.52379E-002	-3.51718E-002	-2.81990E-004	...........	-327.63
	185	46.5	-3.52232E-002	-3.52088E-002	-3.15057E-004	...........	-327.63
	186	46.75	-3.52098E-002	-3.51784E-002	-3.52190E-004	...........	-327.63
	187	47	-3.52000E-002	-3.52049E-002	-3.16857E-004	...........	-327.63
	188	47.25	-3.51947E-002	-3.51920E-002	-3.25790E-004	...........	-327.63
	189	47.5	-3.51938E-002	-3.52202E-002	-3.58724E-004	...........	-327.63
	190	47.75	-3.51967E-002	-3.52159E-002	-3.16724E-004	...........	-327.63
	191	48	-3.52026E-002	-3.52178E-002	-2.65990E-004	...........	-327.63
	192	48.25	-3.52095E-002	-3.52361E-002	-3.18657E-004	...........	-327.63
	193	48.5	-3.52163E-002	-3.52344E-002	-3.37790E-004	...........	-327.63
	194	48.75	-3.52234E-002	-3.52663E-002	-2.78790E-004	...........	-327.63
	195	49	-3.52323E-002	-3.52644E-002	-2.73790E-004	...........	-327.63
	196	49.25	-3.52443E-002	-3.53347E-002	-3.31924E-004	...........	-327.63
	197	49.5	-3.52613E-002	-3.53278E-002	-3.21190E-004	...........	-327.63
	198	49.75	-3.52849E-002	-3.54128E-002	-2.83857E-004	...........	-327.63
	199	50	-3.53145E-002	-3.53973E-002	-3.29590E-004	...........	-327.63
	200	50.25	-3.53484E-002	-3.54957E-002	-3.76790E-004	...........	-327.63
	201	50.5	-3.53849E-002	-3.54694E-002	-3.28924E-004	...........	-327.63
	202	50.75	-3.54228E-002	-3.55799E-002	-3.26457E-004	...........	-327.63
	203	51	-3.54620E-002	-3.55695E-002	-3.90190E-004	...........	-327.63
	204	51.25	-3.55040E-002	-3.57032E-002	-3.55924E-004	...........	-327.63
	205	51.5	-3.55511E-002	-3.56909E-002	-2.99457E-004	...........	-327.63
	206	51.75	-3.56043E-002	-3.58291E-002	-3.35324E-004	...........	-327.63
	207	52	-3.56622E-002	-3.58014E-002	-3.65724E-004	...........	-327.63
	208	52.25	-3.57213E-002	-3.59091E-002	-3.01324E-004	...........	-327.63
	209	52.5	-3.57764E-002	-3.58428E-002	-3.03057E-004	...........	-327.63
	210	52.75	-3.58220E-002	-3.59242E-002	-3.64990E-004	...........	-327.63
	211	53	-3.58541E-002	-3.58331E-002	-3.61790E-004	...........	-327.63
	212	53.25	-3.58718E-002	-3.58999E-002	-3.05924E-004	...........	-327.63
	213	53.5	-3.58766E-002	-3.58113E-002	-3.30790E-004	...........	-327.63
	214	53.75	-3.58723E-002	-3.58804E-002	-3.32124E-004	...........	-327.63
	215	54	-3.58633E-002	-3.57945E-002	-2.70990E-004	...........	-327.63
	216	54.25	-3.58530E-002	-3.58623E-002	-2.95390E-004	...........	-327.63
	217	54.5	-3.58431E-002	-3.57792E-002	-3.64924E-004	...........	-327.63
	218	54.75	-3.58337E-002	-3.58381E-002	-3.52390E-004	...........	-327.63
	219	55	-3.58243E-002	-3.57463E-002	-2.87190E-004	...........	-327.63
	220	55.25	-3.58132E-002	-3.58000E-002	-3.35524E-004	...........	-327.63
	221	55.5	-3.57997E-002	-3.57156E-002	-3.72590E-004	...........	-327.63
	222	55.75	-3.57839E-002	-3.57547E-002	-3.15724E-004	...........	-327.63
	223	56	-3.57662E-002	-3.56734E-002	-2.77657E-004	...........	-327.63
	224	56.25	-3.57468E-002	-3.57082E-002	-3.44457E-004	...........	-327.63
	225	56.5	-3.57262E-002	-3.56443E-002	-3.22990E-004	...........	-327.63
	226	56.75	-3.57056E-002	-3.56662E-002	-2.72857E-004	...........	-327.63
	227	57	-3.56859E-002	-3.56113E-002	-3.07657E-004	...........	-327.63
	228	57.25	-3.56675E-002	-3.56533E-002	-3.30190E-004	...........	-327.63
	229	57.5	-3.56523E-002	-3.56379E-002	-2.72857E-004	...........	-327.63
	230	57.75	-3.56437E-002	-3.56711E-002	-2.72257E-004	...........	-327.63
	231	58	-3.56441E-002	-3.57099E-002	-3.15524E-004	...........	-327.63
	232	58.25	-3.56558E-002	-3.57807E-002	-3.35057E-004	...........	-327.63
	233	58.5	-3.56812E-002	-3.58279E-002	-2.61190E-004	...........	-327.63
	234	58.75	-3.57210E-002	-3.59070E-002	-2.82457E-004	...........	-327.63
	235	59	-3.57728E-002	-3.59777E-002	-3.19057E-004	...........	-327.63
	236	59.25	-3.58334E-002	-3.60310E-002	-2.98524E-004	...........	-327.63
	237	59.5	-3.58983E-002	-3.60823E-002	-2.83457E-004	...........	-327.63
	238	59.75	-3.59616E-002	-3.60943E-002	-3.37924E-004	...........	-327.63
	239	60	-3.60170E-002	-3.61200E-002	-3.55790E-004	...........	-327.63
	240	60.25	-3.60597E-002	-3.60963E-002	-2.72390E-004	...........	-327.63
	241	60.5	-3.60879E-002	-3.61269E-002	-3.13657E-004	...........	-327.63
	242	60.75	-3.61027E-002	-3.60733E-002	-3.48457E-004	...........	-327.63
	243	61	-3.61067E-002	-3.60836E-002	-2.92657E-004	...........	-327.63
	244	61.25	-3.61008E-002	-3.60062E-002	-3.02057E-004	...........	-327.63
	245	61.5	-3.60853E-002	-3.60239E-002	-3.69924E-004	...........	-327.63
	246	61.75	-3.60619E-002	-3.59480E-002	-3.69990E-004	...........	-327.63
	247	62	-3.60343E-002	-3.59933E-002	-3.05390E-004	...........	-327.63
	248	62.25	-3.60077E-002	-3.59398E-002	-3.29124E-004	...........	-327.63
	249	62.5	-3.59871E-002	-3.60062E-002	-3.76924E-004	...........	-327.63
	250	62.75	-3.59752E-002	-3.59397E-002	-3.23190E-004	...........	-327.63
	251	63	-3.59709E-002	-3.60030E-002	-3.04724E-004	...........	-327.63
	252	63.25	-3.59703E-002	-3.59282E-002	-3.63657E-004	...........	-327.63
	253	63.5	-3.59694E-002	-3.59736E-002	-3.61457E-004	...........	-327.63
	254	63.75	-3.59647E-002	-3.58743E-002	-3.18257E-004	...........	-327.63
	255	64	-3.59536E-002	-3.59139E-002	-3.40657E-004	...........	-327.63
	256	64.25	-3.59348E-002	-3.58031E-002	-3.75790E-004	...........	-327.63
	257	64.5	-3.59089E-002	-3.58366E-002	-3.31924E-004	...........	-327.63
	258	64.75	-3.58771E-002	-3.57191E-002	-3.21790E-004	...........	-327.63
	259	65	-3.58409E-002	-3.57588E-002	-3.66057E-004	...........	-327.63
	260	65.25	-3.58022E-002	-3.56411E-002	-3.83657E-004	...........	-327.63
	261	65.5	-3.57625E-002	-3.56801E-002	-3.50590E-004	...........	-327.63
	262	65.75	-3.57228E-002	-3.55633E-002	-3.37924E-004	...........	-327.63
	263	66	-3.56836E-002	-3.56138E-002	-3.96524E-004	...........	-327.63
	264	66.25	-3.56457E-002	-3.55009E-002	-3.31724E-004	...........	-327.63
	265	66.5	-3.56100E-002	-3.55574E-002	-3.17590E-004	...........	-327.63
	266	66.75	-3.55774E-002	-3.54677E-002	-3.66924E-004	...........	-327.63
	267	67	-3.55492E-002	-3.55333E-002	-3.66324E-004	...........	-327.63
	268	67.25	-3.55266E-002	-3.54484E-002	-3.11524E-004	...........	-327.63
	269	67.5	-3.55096E-002	-3.55088E-002	-3.17657E-004	...........	-327.63
	270	67.75	-3.54964E-002	-3.54308E-002	-3.66190E-004	...........	-327.63
	271	68	-3.54857E-002	-3.55093E-002	-3.47857E-004	...........	-327.63
	272	68.25	-3.54778E-002	-3.54442E-002	-2.98990E-004	...........	-327.63
	273	68.5	-3.54743E-002	-3.55315E-002	-3.51057E-004	...........	-327.63
	274	68.75	-3.54763E-002	-3.54726E-002	-3.55124E-004	...........	-327.63
	275	69	-3.54832E-002	-3.55442E-002	-3.14057E-004	...........	-327.63
	276	69.25	-3.54926E-002	-3.54826E-002	-3.30657E-004	...........	-327.63
	277	69.5	-3.55016E-002	-3.55426E-002	-3.90257E-004	...........	-327.63
	278	69.75	-3.55078E-002	-3.54697E-002	-3.59924E-004	...........	-327.63
	279	70	-3.55100E-002	-3.55294E-002	-3.52390E-004	...........	-327.63
	280	70.25	-3.55083E-002	-3.54689E-002	-4.01990E-004	...........	-327.63
	281	70.5	-3.55048E-002	-3.55296E-002	-3.89657E-004	...........	-327.63
	282	70.75	-3.55018E-002	-3.54756E-002	-3.33390E-004	...........	-327.63
	283	71	-3.55006E-002	-3.55321E-002	-3.50790E-004	...........	-327.63
	284	71.25	-3.55011E-002	-3.54799E-002	-3.89057E-004	...........	-327.63
	285	71.5	-3.55023E-002	-3.55133E-002	-3.40324E-004	...........	-327.63
	286	71.75	-3.55021E-002	-3.54638E-002	-3.38857E-004	...........	-327.63
	287	72	-3.54990E-002	-3.55001E-002	-3.90990E-004	...........	-327.63
	288	72.25	-3.54935E-002	-3.54570E-002	-3.85257E-004	...........	-327.63
	289	72.5	-3.54871E-002	-3.54840E-002	-3.44324E-004	...........	-327.63
	290	72.75	-3.54809E-002	-3.54490E-002	-3.40657E-004	...........	-327.63
	291	73	-3.54749E-002	-3.54722E-002	-4.18524E-004	...........	-327.63
	292	73.25	-3.54692E-002	-3.54342E-002	-3.98057E-004	...........	-327.63
	293	73.5	-3.54628E-002	-3.54286E-002	-3.68390E-004	...........	-327.63
	294	73.75	-3.54535E-002	-3.53922E-002	-4.06390E-004	...........	-327.63
	295	74	-3.54397E-002	-3.53770E-002	-3.95257E-004	...........	-327.63
	296	74.25	-3.54211E-002	-3.53445E-002	-3.35590E-004	...........	-327.63
	297	74.5	-3.53990E-002	-3.53313E-002	-3.28324E-004	...........	-327.63
	298	74.75	-3.53760E-002	-3.53239E-002	-3.79990E-004	...........	-327.63
	299	75	-3.53547E-002	-3.53048E-002	-3.78990E-004	...........	-327.63
	300	75.25	-3.53370E-002	-3.53125E-002	-3.68857E-004	...........	-327.63
	301	75.5	-3.53234E-002	-3.52866E-002	-4.16724E-004	...........	-327.63
	302	75.75	-3.53128E-002	-3.52921E-002	-4.15390E-004	...........	-327.63
	303	76	-3.53032E-002	-3.52429E-002	-3.47257E-004	...........	-327.63
	304	76.25	-3.52919E-002	-3.52570E-002	-3.70724E-004	...........	-327.63
	305	76.5	-3.52773E-002	-3.51959E-002	-4.21524E-004	...........	-327.63
	306	76.75	-3.52592E-002	-3.52003E-002	-4.10057E-004	...........	-327.63
	307	77	-3.52374E-002	-3.51244E-002	-3.83990E-004	...........	-327.63
	308	77.25	-3.52114E-002	-3.51363E-002	-4.23124E-004	...........	-327.63
	309	77.5	-3.51816E-002	-3.50526E-002	-4.24790E-004	...........	-327.63
	310	77.75	-3.51490E-002	-3.50641E-002	-3.74524E-004	...........	-327.63
	311	78	-3.51144E-002	-3.49724E-002	-3.83990E-004	...........	-327.63
	312	78.25	-3.50786E-002	-3.50013E-002	-4.16190E-004	...........	-327.63
	313	78.5	-3.50426E-002	-3.49205E-002	-4.12724E-004	...........	-327.63
	314	78.75	-3.50091E-002	-3.49683E-002	-3.76124E-004	...........	-327.63
	315	79	-3.49806E-002	-3.49043E-002	-4.02524E-004	...........	-327.63
	316	79.25	-3.49596E-002	-3.49911E-002	-4.16390E-004	...........	-327.63
	317	79.5	-3.49486E-002	-3.49471E-002	-3.77724E-004	...........	-327.63
	318	79.75	-3.49493E-002	-3.50432E-002	-3.81990E-004	...........	-327.63
	319	80	-3.49609E-002	-3.49898E-002	-4.30724E-004	...........	-327.63
	320	80.25	-3.49799E-002	-3.50843E-002	-3.93724E-004	...........	-327.63
	321	80.5	-3.50016E-002	-3.50192E-002	-3.84790E-004	...........	-327.63
	322	80.75	-3.50225E-002	-3.51068E-002	-4.31190E-004	...........	-327.63
	323	81	-3.50403E-002	-3.50357E-002	-4.23657E-004	...........	-327.63
	324	81.25	-3.50545E-002	-3.51204E-002	-3.67590E-004	...........	-327.63
	325	81.5	-3.50653E-002	-3.50500E-002	-3.63790E-004	...........	-327.63
	326	81.75	-3.50740E-002	-3.51404E-002	-4.40524E-004	...........	-327.63
	327	82	-3.50821E-002	-3.50726E-002	-4.01990E-004	...........	-327.63
	328	82.25	-3.50907E-002	-3.51582E-002	-3.65590E-004	...........	-327.63
	329	82.5	-3.51000E-002	-3.50874E-002	-4.16390E-004	...........	-327.63
	330	82.75	-3.51090E-002	-3.51609E-002	-4.42790E-004	...........	-327.63
	331	83	-3.51165E-002	-3.50911E-002	-3.88657E-004	...........	-327.63
	332	83.25	-3.51213E-002	-3.51483E-002	-4.00457E-004	...........	-327.63
	333	83.5	-3.51233E-002	-3.50980E-002	-4.44990E-004	...........	-327.63
	334	83.75	-3.51241E-002	-3.51854E-002	-4.25790E-004	...........	-327.63
	335	84	-3.51277E-002	-3.51512E-002	-3.91257E-004	...........	-327.63
	336	84.25	-3.51388E-002	-3.52765E-002	-4.30790E-004	...........	-327.63
	337	84.5	-3.51615E-002	-3.52949E-002	-4.28457E-004	...........	-327.63
	338	84.75	-3.51985E-002	-3.53874E-002	-3.86990E-004	...........	-327.63
	339	85	-3.52473E-002	-3.53603E-002	-3.86457E-004	...........	-327.63
	340	85.25	-3.52986E-002	-3.54229E-002	-4.38257E-004	...........	-327.63
	341	85.5	-3.53424E-002	-3.53883E-002	-4.35124E-004	...........	-327.63
	342	85.75	-3.53741E-002	-3.54348E-002	-3.79724E-004	...........	-327.63
	343	86	-3.53946E-002	-3.54129E-002	-4.14724E-004	...........	-327.63
	344	86.25	-3.54084E-002	-3.54656E-002	-4.32590E-004	...........	-327.63
	345	86.5	-3.54200E-002	-3.54461E-002	-3.93457E-004	...........	-327.63
	346	86.75	-3.54322E-002	-3.54806E-002	-4.10390E-004	...........	-327.63
	347	87	-3.54452E-002	-3.54806E-002	-4.48390E-004	...........	-327.63
	348	87.25	-3.54586E-002	-3.55130E-002	-4.26124E-004	...........	-327.63
	349	87.5	-3.54731E-002	-3.55364E-002	-3.53057E-004	...........	-327.63
	350	87.75	-3.54906E-002	-3.55715E-002	-3.70857E-004	...........	-327.63
	351	88	-3.55122E-002	-3.55901E-002	-4.05990E-004	...........	-327.63
	352	88.25	-3.55361E-002	-3.55616E-002	-3.47857E-004	...........	-327.63
	353	88.5	-3.55569E-002	-3.55870E-002	-3.85524E-004	...........	-327.63
	354	88.75	-3.55706E-002	-3.56060E-002	-4.29924E-004	...........	-327.63
	355	89	-3.55807E-002	-3.56575E-002	-4.37990E-004	...........	-327.63
	356	89.25	-3.55946E-002	-3.56720E-002	-4.00524E-004	...........	-327.63
	357	89.5	-3.56166E-002	-3.57225E-002	-4.43657E-004	...........	-327.63
	358	89.75	-3.56443E-002	-3.56826E-002	-4.52524E-004	...........	-327.63
	359	90	-3.56700E-002	-3.56877E-002	-3.82524E-004	...........	-327.63
	360	90.25	-3.56851E-002	-3.56298E-002	-4.10257E-004	...........	-327.63
	361	90.5	-3.56853E-002	-3.56565E-002	-4.66257E-004	...........	-327.63
	362	90.75	-3.56731E-002	-3.55768E-002	-4.63390E-004	...........	-327.63
	363	91	-3.56535E-002	-3.55947E-002	-4.26657E-004	...........	-327.63
	364	91.25	-3.56293E-002	-3.55007E-002	-4.52124E-004	...........	-327.63
	365	91.5	-3.56004E-002	-3.55122E-002	-4.45724E-004	...........	-327.63
	366	91.75	-3.55666E-002	-3.54050E-002	-3.87190E-004	...........	-327.63
	367	92	-3.55281E-002	-3.54371E-002	-3.94657E-004	...........	-327.63
	368	92.25	-3.54870E-002	-3.53315E-002	-4.37257E-004	...........	-327.63
	369	92.5	-3.54461E-002	-3.53688E-002	-4.58790E-004	...........	-327.63
	370	92.75	-3.54071E-002	-3.52549E-002	-4.11190E-004	...........	-327.63
	371	93	-3.53696E-002	-3.52886E-002	-4.53190E-004	...........	-327.63
	372	93.25	-3.53319E-002	-3.51566E-002	-4.73657E-004	...........	-327.63
	373	93.5	-3.52922E-002	-3.52099E-002	-4.29657E-004	...........	-327.63
	374	93.75	-3.52524E-002	-3.51757E-002	-4.31057E-004	...........	-327.63
	375	94	-3.52209E-002	-3.52709E-002	-4.80057E-004	...........	-327.63
	376	94.25	-3.52057E-002	-3.51498E-002	-4.63524E-004	...........	-327.63
	377	94.5	-3.52031E-002	-3.52035E-002	-4.28924E-004	...........	-327.63
	378	94.75	-3.51996E-002	-3.50725E-002	-4.34124E-004	...........	-327.63
	379	95	-3.51847E-002	-3.51225E-002	-4.55990E-004	...........	-327.63
	380	95.25	-3.51575E-002	-3.50033E-002	-4.17857E-004	...........	-327.63
	381	95.5	-3.51228E-002	-3.50569E-002	-4.24324E-004	...........	-327.63
	382	95.75	-3.50865E-002	-3.49557E-002	-4.82057E-004	...........	-327.63
	383	96	-3.50528E-002	-3.50138E-002	-4.81924E-004	...........	-327.63
	384	96.25	-3.50235E-002	-3.49174E-002	-4.35990E-004	...........	-327.63
	385	96.5	-3.49988E-002	-3.49788E-002	-4.61257E-004	...........	-327.63
	386	96.75	-3.49777E-002	-3.48921E-002	-4.90190E-004	...........	-327.63
	387	97	-3.49597E-002	-3.49601E-002	-4.51790E-004	...........	-327.63
	388	97.25	-3.49452E-002	-3.48985E-002	-4.43724E-004	...........	-327.63
	389	97.5	-3.49358E-002	-3.49838E-002	-4.74724E-004	...........	-327.63
	390	97.75	-3.49336E-002	-3.49461E-002	-4.79657E-004	...........	-327.63
	391	98	-3.49399E-002	-3.50267E-002	-4.18324E-004	...........	-327.63
	392	98.25	-3.49542E-002	-3.49992E-002	-4.52524E-004	...........	-327.63
	393	98.5	-3.49743E-002	-3.50705E-002	-5.00057E-004	...........	-327.63
	394	98.75	-3.49969E-002	-3.50321E-002	-4.52190E-004	...........	-327.63
	395	99	-3.50191E-002	-3.50946E-002	-4.40857E-004	...........	-327.63
	396	99.25	-3.50390E-002	-3.50728E-002	-4.97790E-004	...........	-327.63
	397	99.5	-3.50567E-002	-3.51339E-002	-4.94390E-004	...........	-327.63
	398	99.75	-3.50745E-002	-3.51302E-002	-4.50324E-004	...........	-327.63
	399	100	-3.50945E-002	-3.51814E-002	-4.73457E-004	...........	-327.63
EOC	QUANT	-0.0350945	Open Circuit (V)
PSTATMODEL	IQUANT	5	Pstat Model
PSTATSECTION	LABEL	REF3000-20110	Pstat Section
PSTATSERIALNO	LABEL	20110	Pstat Serial Number
CTRLMODE	IQUANT	0	Control Mode
ELECTROMETER	IQUANT	0	RE=0 or CS=1
IESTAB	IQUANT	0	I/E Stability
CASPEED	IQUANT	4	Control Amp Speed
CONVENTION	IQUANT	1	Current Convention
ICHRANGE	IQUANT	2	Ich Range
ICHRANGEMODE	TOGGLE	F	Ich Auto Range
ICHOFFSETENABLE	TOGGLE	T	Ich Offset Enable
ICHOFFSET	QUANT	0	Ich Offset (V)
ICHFILTER	IQUANT	3	Ich Filter
VCHRANGE	IQUANT	2	Vch Range
VCHRANGEMODE	TOGGLE	F	Vch Auto Range
VCHOFFSETENABLE	TOGGLE	T	Vch Offset Enable
VCHOFFSET	QUANT	0	Vch Offset (V)
VCHFILTER	IQUANT	3	Vch Filter
ACHRANGE	IQUANT	2	Ach Range
ACHOFFSETENABLE	TOGGLE	F	Ach Offset Enable
ACHOFFSET	QUANT	0	Ach Offset (V)
ACHFILTER	IQUANT	1	Ach Filter
IERANGELOWERLIMIT	IQUANT	2	I/E Range Lower Limit
IERANGEMODE	TOGGLE	F	I/E AutoRange
IERANGE	IQUANT	11	I/E Range
POSFEEDENABLE	TOGGLE	F	Positive Feedback IR Comp
POSFEEDRESISTANCE	QUANT	0	Positive Feedback Resistance (ohm)
ACHSELECT	IQUANT	4	Ach Select
SENSECABLEID	IQUANT	14	Sense Cable ID
PWRCABLEID	IQUANT	7	Power Cable ID
DCCALDATE	LABEL	8/9/2022	DC Calibration Date
ACCALDATE	LABEL	8/9/2022	AC Calibration Date
THERMOSELECT	IQUANT	1	Thermo Select
FRAMEWORKVERSION	LABEL	7.9.0	Framework Version
INSTRUMENTVERSION	LABEL	4.60	Instrument Version
COMPLIANCEVOLTAGE	IQUANT	0	Compliance Voltage
ZCURVE	TABLE
	Pt	Time	Freq	Zreal	Zimag	Zsig	Zmod	Zphz	Idc	Vdc	IERange
	#	s	Hz	ohm	ohm	V	ohm	°	A	V	#
	0	6	1000078	-0.92111	-11.53288	1	11.5696	-94.56641	9.797432E-007	-0.039649	9
	1	8	794390.6	0.2119611	-9.7163	1	9.71861	-88.75029	-1.015443E-006	-0.0543544	9
	2	10	630984.4	0.992785	-8.087796	1	8.148501	-83.00189	-2.089618E-006	-0.0582391	9
	3	11	501234.4	1.586061	-6.650311	1	6.836828	-76.58587	-1.557743E-006	-0.0600235	9
	4	13	398109.4	2.03109	-5.368323	1	5.739705	-69.276	-2.880626E-006	-0.0893071	9
	5	15	316265.6	2.333329	-4.283943	1	4.878175	-61.42426	-2.930981E-006	-0.0905624	9
	6	17	251203.1	2.44768	-3.464366	1	4.241812	-54.75763	1.796516E-006	-0.0626042	9
	7	19	199546.9	2.567624	-2.774479	1	3.780268	-47.21748	1.349649E-006	-0.065434	9
	8	21	158578.1	2.565991	-2.185692	1	3.370691	-40.42411	-4.159349E-006	-0.1054649	9
	9	23	125953.1	2.645957	-1.827561	1	3.215754	-34.63282	-4.120674E-006	-0.1085259	9
	10	24	100078.1	2.713439	-1.494098	1	3.097593	-28.83846	-2.517796E-006	-0.1161301	9
	11	26	79453.13	2.725056	-1.238383	1	2.993247	-24.4391	-2.405696E-006	-0.1140508	9
	12	28	63140.62	2.730627	-1.066783	1	2.931612	-21.33926	-3.011863E-006	-0.1188324	9
	13	29	50203.12	2.743889	-0.9387709	1	2.900037	-18.88744	-2.432502E-006	-0.1304914	9
	14	31	39890.62	2.75038	-0.872052	1	2.885319	-17.59205	-2.495556E-006	-0.1269858	9
	15	33	31640.63	2.777425	-0.8196437	1	2.895843	-16.44182	-2.250168E-006	-0.1242057	9
	16	34	25171.88	2.78266	-0.8363473	1	2.905628	-16.72851	-3.132015E-006	-0.1337163	9
	17	36	20015.62	2.798975	-0.8605949	1	2.928291	-17.09098	-2.563161E-006	-0.1489363	9
	18	38	15890.62	2.827093	-0.961263	1	2.986048	-18.77897	-3.150441E-006	-0.1432233	9
	19	39	12609.38	2.842256	-1.085212	1	3.042384	-20.89754	-2.316266E-006	-0.1403631	9
	20	41	10078.13	2.87536	-1.261127	1	3.139767	-23.68216	-2.907198E-006	-0.1559941	9
	21	42	8015.625	2.89622	-1.513	1	3.267608	-27.58279	-2.322467E-006	-0.1440264	9
	22	44	6328.125	2.941761	-1.82637	1	3.462598	-31.83377	-2.618302E-006	-0.1575159	9
	23	46	5015.625	2.978436	-2.221481	1	3.71565	-36.71761	-2.143928E-006	-0.1522368	9
	24	47	3984.375	3.042387	-2.721396	1	4.081925	-41.81243	-3.018176E-006	-0.1592427	9
	25	49	3170.956	3.08848	-3.342571	1	4.550988	-47.26258	-2.185116E-006	-0.1592668	9
	26	50	2527.573	3.172281	-4.122392	1	5.201681	-52.42084	-2.731867E-006	-0.1736505	9
	27	52	1976.103	3.26272	-5.186158	1	6.127118	-57.82515	-2.186993E-006	-0.1613791	9
	28	53	1577.524	3.380175	-6.378087	1	7.218419	-62.07789	-2.170701E-006	-0.1679364	9
	29	54	1265.625	3.494772	-7.866737	1	8.608076	-66.04697	-2.459666E-006	-0.1790079	9
	30	56	998.264	3.70144	-9.77906	1	10.45613	-69.26801	-2.348568E-006	-0.1660322	9
	31	57	796.875	3.927471	-12.01777	1	12.64325	-71.90234	-2.507872E-006	-0.1690076	9
	32	59	627.7902	4.051244	-15.19848	1	15.72916	-75.07451	-2.772931E-006	-0.1966573	9
	33	60	505.5147	4.421086	-18.67369	1	19.18991	-76.68021	-2.501637E-006	-0.1875295	9
	34	62	397.9953	4.747532	-23.379	1	23.85617	-78.52113	-2.459208E-006	-0.201401	9
	35	64	315.5048	5.230666	-29.00516	1	29.47303	-79.7774	-2.186334E-006	-0.2038037	9
	36	65	252.4038	5.824967	-35.51171	1	35.98628	-80.68476	-2.493164E-006	-0.2114911	9
	37	66	198.6229	7.508242	-39.4877	1	40.19518	-79.23422	-2.500309E-006	-0.1635815	9
	38	68	158.3615	8.59094	-47.15242	1	47.92864	-79.67425	-2.50063E-006	-0.1612848	9
	39	70	125.558	9.89331	-56.4576	1	57.31787	-80.06073	-2.526378E-006	-0.1580118	9
	40	71	100.4464	10.62914	-72.71055	1	73.48335	-81.68317	-2.486777E-006	-0.2111476	9
	41	73	79.00281	13.03572	-86.99128	1	87.96256	-81.47759	-2.494296E-006	-0.2116132	9
	42	74	63.3446	15.02106	-100.2096	1	101.3292	-81.47504	-2.501803E-006	-0.1985096	9
	43	76	50.22321	19.45096	-113.3016	1	114.9591	-80.25875	-2.514731E-006	-0.1649649	9
	44	78	38.42213	26.45068	-130.3262	1	132.9832	-78.52722	-2.477769E-006	-0.1497849	9
	45	79	31.25	32.06322	-149.0338	1	152.4439	-77.85842	-2.581911E-006	-0.1632841	9
	46	81	24.93351	40.81974	-163.4101	1	168.4313	-75.97458	-2.574193E-006	-0.1622434	9
	47	82	19.86229	50.97891	-183.4362	1	190.3882	-74.46881	-2.701312E-006	-0.1838134	9
	48	84	15.625	51.19751	-144.3383	1	153.1494	-70.47015	-2.566258E-006	-0.1252022	9
	49	85	12.40079	52.85105	-131.6771	1	141.8876	-68.13103	-2.387466E-006	-0.1133524	9
	50	87	9.93114	46.90656	-13.72435	1	48.87313	-16.3089	-2.310226E-006	-0.0170629	9
	51	88	7.944915	42.00272	-9.392489	1	43.04006	-12.6049	-2.697942E-006	-0.0156446	9
	52	90	6.317385	47.91797	-14.26743	1	49.99692	-16.58074	-2.016759E-006	-0.0193013	9
	53	94	5.008013	72.70238	-217.7571	1	229.573	-71.53742	-2.160574E-006	-0.2003348	9
	54	98	3.945707	67.58733	-185.7775	1	197.6899	-70.00821	-2.285825E-006	-0.1616398	9
	55	100	3.158693	45.98691	-31.5299	1	55.75778	-34.43561	-3.104431E-006	-0.0311963	9
	56	104	2.504006	54.2826	-131.6261	1	142.3799	-67.58875	-2.347526E-006	-0.1075649	9
	57	108	1.998082	47.43103	-125.8203	1	134.4636	-69.34484	-2.788554E-006	-0.1054442	9
	58	114	1.584686	53.6311	-136.5417	1	146.6967	-68.55599	-2.236695E-006	-0.1128169	9
	59	120	1.266892	33.87952	-4.438124	1	34.16897	-7.463094	-8.546112E-007	-0.0117351	9
	60	127	0.999041	43.40689	-56.53953	1	71.28027	-52.4856	-3.122239E-006	-0.0486652	9
	61	138	0.7923428	41.74997	-55.67535	1	69.59026	-53.13441	-2.010084E-006	-0.0472859	9
	62	149	0.6334459	40.45211	-52.83	1	66.53857	-52.5586	-2.042223E-006	-0.0449906	9
	63	163	0.5040323	38.91603	-48.57194	1	62.23898	-51.29815	-2.009843E-006	-0.0414903	9
	64	178	0.400641	37.91695	-46.55222	1	60.04002	-50.83706	-1.995624E-006	-0.0397867	9
	65	197	0.316723	36.37966	-42.70353	1	56.09876	-49.57191	-2.008421E-006	-0.0366081	9
	66	220	0.2520161	35.56383	-41.89889	1	54.95728	-49.67537	-1.653445E-006	-0.0362199	9
	67	249	0.2003205	34.3968	-39.84816	1	52.64043	-49.19934	-2.133002E-006	-0.0336673	9
	68	285	0.1588983	27.68626	-3.339048	1	27.88688	-6.876833	-2.049923E-006	-0.0084165	9
	69	329	0.1260081	26.7089	-3.191464	1	26.8989	-6.814004	-2.047547E-006	-0.0079767	9
	70	367	0.1001603	23.90241	-2.826913	1	24.069	-6.74498	-2.042545E-006	-0.0062257	9
	71	413	0.0794492	22.35338	-3.681385	1	22.65449	-9.352113	-2.051151E-006	-0.0042745	9
	72	465	0.0631739	22.10868	-4.408643	1	22.54395	-11.2773	-2.064263E-006	-0.0039632	9
	73	529	0.0501337	22.95559	-5.709313	1	23.65492	-13.96673	-2.054056E-006	-0.0027234	9
	74	610	0.0398258	24.11086	-7.431709	1	25.23021	-17.13091	-2.026411E-006	-0.0008509	9
	75	711	0.0316296	25.35452	-9.47518	1	27.06715	-20.4911	-2.010532E-006	0.0013919	9
	76	839	0.0251206	26.58197	-11.22686	1	28.85556	-22.8967	-2.017649E-006	0.0035161	9
	77	999	0.0199553	27.95926	-13.12428	1	30.88636	-25.1457	-2.028824E-006	0.0057732	9
	78	1201	0.0158522	29.18976	-14.69382	1	32.67951	-26.72021	-2.074263E-006	0.00782	9
	79	1454	0.0125907	30.35587	-15.49661	1	34.0826	-27.04422	-2.048504E-006	0.0096899	9
	80	1773	0.0100011	30.92539	-16.49844	1	35.05108	-28.07955	-2.034687E-006	0.0096371	9
