EXPLAIN
TAG	GALVEIS
TITLE	LABEL	Galvanostatic EIS	Test &Identifier
DATE	LABEL	6-12-2022	Date
TIME	LABEL	16:01:13	Time
NOTES	NOTES	1	&Notes...
	
PSTAT	PSTAT	REF3000-20110	Potentiostat
IDCREQ	QUANT	0.00000E+000	DC &Current (A)
FREQINIT	QUANT	1.00000E+005	Initial Fre&q. (Hz)
FREQFINAL	QUANT	1.00000E+000	Final Fre&q. (Hz)
PTSPERDEC	QUANT	1.00000E+001	Points/&decade
IACREQ	QUANT	1.00000E-003	AC &Current (A rms)
AREA	QUANT	1.00000E+000	&Area (cm^2)
CONDIT	TWOPARAM	F	1.50000E+001	0.00000E+000	Conditionin&g	Time(s)	E(V)
DELAY	TWOPARAM	T	1.00000E+002	0.00000E+000	Init. De&lay	Time(s)	Stab.(mV/s)
SPEED	SELECTOR	1	&Optimize for:
THD	SELECTOR	0	T&HD
DRIFTCOR	SELECTOR	0	&Drift Correction
ZGUESS	QUANT	1.00000E+001	E&stimated Z (ohms)
OCVCURVE	TABLE	400
	Pt	T	Vf	Vm	Ach	Over	Temp
	#	s	V vs. Ref.	V	V	bits	deg C
	0	0.25	1.31215E-002	1.31215E-002	3.54743E-004	...........	-327.63
	1	0.5	1.31216E-002	1.31277E-002	2.66610E-004	...........	-327.63
	2	0.75	1.31222E-002	1.31258E-002	3.58410E-004	...........	-327.63
	3	1	1.31235E-002	1.31312E-002	2.68676E-004	...........	-327.63
	4	1.25	1.31252E-002	1.31251E-002	3.52410E-004	...........	-327.63
	5	1.5	1.31268E-002	1.31339E-002	2.64143E-004	...........	-327.63
	6	1.75	1.31280E-002	1.31269E-002	3.48210E-004	...........	-327.63
	7	2	1.31290E-002	1.31334E-002	2.60943E-004	...........	-327.63
	8	2.25	1.31297E-002	1.31278E-002	3.50543E-004	...........	-327.63
	9	2.5	1.31303E-002	1.31416E-002	2.63276E-004	...........	-327.63
	10	2.75	1.31312E-002	1.31294E-002	3.45010E-004	...........	-327.63
	11	3	1.31327E-002	1.31452E-002	2.65276E-004	...........	-327.63
	12	3.25	1.31344E-002	1.31298E-002	3.50876E-004	...........	-327.63
	13	3.5	1.31359E-002	1.31468E-002	2.65876E-004	...........	-327.63
	14	3.75	1.31370E-002	1.31269E-002	3.45276E-004	...........	-327.63
	15	4	1.31376E-002	1.31519E-002	2.64076E-004	...........	-327.63
	16	4.25	1.31380E-002	1.31282E-002	3.49076E-004	...........	-327.63
	17	4.5	1.31386E-002	1.31561E-002	2.60076E-004	...........	-327.63
	18	4.75	1.31397E-002	1.31307E-002	3.54876E-004	...........	-327.63
	19	5	1.31411E-002	1.31626E-002	2.62210E-004	...........	-327.63
	20	5.25	1.31429E-002	1.31330E-002	3.52810E-004	...........	-327.63
	21	5.5	1.31447E-002	1.31600E-002	2.69410E-004	...........	-327.63
	22	5.75	1.31460E-002	1.31307E-002	3.53343E-004	...........	-327.63
	23	6	1.31465E-002	1.31624E-002	2.66076E-004	...........	-327.63
	24	6.25	1.31465E-002	1.31317E-002	3.54143E-004	...........	-327.63
	25	6.5	1.31465E-002	1.31656E-002	2.71210E-004	...........	-327.63
	26	6.75	1.31470E-002	1.31371E-002	3.47143E-004	...........	-327.63
	27	7	1.31482E-002	1.31683E-002	2.67676E-004	...........	-327.63
	28	7.25	1.31498E-002	1.31388E-002	3.62676E-004	...........	-327.63
	29	7.5	1.31515E-002	1.31724E-002	2.69876E-004	...........	-327.63
	30	7.75	1.31531E-002	1.31438E-002	3.53010E-004	...........	-327.63
	31	8	1.31547E-002	1.31714E-002	2.71410E-004	...........	-327.63
	32	8.25	1.31562E-002	1.31461E-002	3.56943E-004	...........	-327.63
	33	8.5	1.31574E-002	1.31732E-002	2.67210E-004	...........	-327.63
	34	8.75	1.31584E-002	1.31490E-002	3.51010E-004	...........	-327.63
	35	9	1.31593E-002	1.31747E-002	2.67276E-004	...........	-327.63
	36	9.25	1.31603E-002	1.31505E-002	3.54343E-004	...........	-327.63
	37	9.5	1.31612E-002	1.31733E-002	2.63143E-004	...........	-327.63
	38	9.75	1.31619E-002	1.31572E-002	3.50143E-004	...........	-327.63
	39	10	1.31627E-002	1.31737E-002	2.63676E-004	...........	-327.63
	40	10.25	1.31638E-002	1.31613E-002	3.54676E-004	...........	-327.63
	41	10.5	1.31650E-002	1.31720E-002	2.67410E-004	...........	-327.63
	42	10.75	1.31660E-002	1.31621E-002	3.50343E-004	...........	-327.63
	43	11	1.31666E-002	1.31705E-002	2.69543E-004	...........	-327.63
	44	11.25	1.31669E-002	1.31666E-002	3.57210E-004	...........	-327.63
	45	11.5	1.31672E-002	1.31715E-002	2.65943E-004	...........	-327.63
	46	11.75	1.31678E-002	1.31727E-002	3.56410E-004	...........	-327.63
	47	12	1.31689E-002	1.31701E-002	2.67676E-004	...........	-327.63
	48	12.25	1.31701E-002	1.31732E-002	3.55676E-004	...........	-327.63
	49	12.5	1.31709E-002	1.31651E-002	2.66743E-004	...........	-327.63
	50	12.75	1.31710E-002	1.31749E-002	3.50010E-004	...........	-327.63
	51	13	1.31707E-002	1.31673E-002	2.64943E-004	...........	-327.63
	52	13.25	1.31706E-002	1.31846E-002	3.58076E-004	...........	-327.63
	53	13.5	1.31715E-002	1.31668E-002	2.66943E-004	...........	-327.63
	54	13.75	1.31732E-002	1.31902E-002	3.55676E-004	...........	-327.63
	55	14	1.31751E-002	1.31655E-002	2.64676E-004	...........	-327.63
	56	14.25	1.31767E-002	1.31934E-002	3.59543E-004	...........	-327.63
	57	14.5	1.31779E-002	1.31663E-002	2.63476E-004	...........	-327.63
	58	14.75	1.31788E-002	1.31969E-002	3.58610E-004	...........	-327.63
	59	15	1.31797E-002	1.31684E-002	2.68876E-004	...........	-327.63
	60	15.25	1.31808E-002	1.31985E-002	3.59276E-004	...........	-327.63
	61	15.5	1.31818E-002	1.31696E-002	2.68010E-004	...........	-327.63
	62	15.75	1.31828E-002	1.32009E-002	3.55610E-004	...........	-327.63
	63	16	1.31837E-002	1.31697E-002	2.71343E-004	...........	-327.63
	64	16.25	1.31845E-002	1.32045E-002	3.66143E-004	...........	-327.63
	65	16.5	1.31854E-002	1.31736E-002	2.66276E-004	...........	-327.63
	66	16.75	1.31864E-002	1.32021E-002	3.64676E-004	...........	-327.63
	67	17	1.31874E-002	1.31762E-002	2.66476E-004	...........	-327.63
	68	17.25	1.31883E-002	1.32107E-002	3.57743E-004	...........	-327.63
	69	17.5	1.31896E-002	1.31812E-002	2.65276E-004	...........	-327.63
	70	17.75	1.31914E-002	1.32036E-002	3.62810E-004	...........	-327.63
	71	18	1.31928E-002	1.31773E-002	2.70210E-004	...........	-327.63
	72	18.25	1.31929E-002	1.32015E-002	3.55210E-004	...........	-327.63
	73	18.5	1.31920E-002	1.31770E-002	2.61610E-004	...........	-327.63
	74	18.75	1.31907E-002	1.31978E-002	3.47143E-004	...........	-327.63
	75	19	1.31895E-002	1.31781E-002	2.66543E-004	...........	-327.63
	76	19.25	1.31885E-002	1.31949E-002	3.49543E-004	...........	-327.63
	77	19.5	1.31876E-002	1.31696E-002	2.66743E-004	...........	-327.63
	78	19.75	1.31862E-002	1.31886E-002	3.57676E-004	...........	-327.63
	79	20	1.31842E-002	1.31736E-002	2.66676E-004	...........	-327.63
	80	20.25	1.31822E-002	1.31875E-002	3.64610E-004	...........	-327.63
	81	20.5	1.31811E-002	1.31753E-002	2.64010E-004	...........	-327.63
	82	20.75	1.31808E-002	1.31890E-002	3.55343E-004	...........	-327.63
	83	21	1.31810E-002	1.31748E-002	2.67143E-004	...........	-327.63
	84	21.25	1.31815E-002	1.31899E-002	3.56476E-004	...........	-327.63
	85	21.5	1.31820E-002	1.31811E-002	1.61610E-004	...........	-327.63
	86	21.75	1.31827E-002	1.31886E-002	1.11210E-004	...........	-327.63
	87	22	1.31837E-002	1.31846E-002	1.03876E-004	...........	-327.63
	88	22.25	1.31848E-002	1.31878E-002	1.11943E-004	...........	-327.63
	89	22.5	1.31856E-002	1.31880E-002	1.08410E-004	...........	-327.63
	90	22.75	1.31864E-002	1.31908E-002	1.14743E-004	...........	-327.63
	91	23	1.31874E-002	1.31908E-002	1.13410E-004	...........	-327.63
	92	23.25	1.31886E-002	1.31923E-002	1.14876E-004	...........	-327.63
	93	23.5	1.31898E-002	1.31935E-002	1.09810E-004	...........	-327.63
	94	23.75	1.31910E-002	1.31924E-002	1.12676E-004	...........	-327.63
	95	24	1.31921E-002	1.32013E-002	1.16210E-004	...........	-327.63
	96	24.25	1.31934E-002	1.31935E-002	1.14010E-004	...........	-327.63
	97	24.5	1.31948E-002	1.32010E-002	1.10810E-004	...........	-327.63
	98	24.75	1.31962E-002	1.31948E-002	1.17743E-004	...........	-327.63
	99	25	1.31971E-002	1.32038E-002	1.11343E-004	...........	-327.63
	100	25.25	1.31980E-002	1.32011E-002	1.21943E-004	...........	-327.63
	101	25.5	1.31992E-002	1.32079E-002	1.14743E-004	...........	-327.63
	102	25.75	1.32008E-002	1.31954E-002	1.11010E-004	...........	-327.63
	103	26	1.32021E-002	1.32125E-002	1.12943E-004	...........	-327.63
	104	26.25	1.32029E-002	1.31980E-002	1.18410E-004	...........	-327.63
	105	26.5	1.32037E-002	1.32170E-002	1.20743E-004	...........	-327.63
	106	26.75	1.32048E-002	1.32003E-002	1.13943E-004	...........	-327.63
	107	27	1.32062E-002	1.32222E-002	1.12610E-004	...........	-327.63
	108	27.25	1.32080E-002	1.32029E-002	1.19410E-004	...........	-327.63
	109	27.5	1.32097E-002	1.32235E-002	1.17010E-004	...........	-327.63
	110	27.75	1.32113E-002	1.32015E-002	1.11076E-004	...........	-327.63
	111	28	1.32123E-002	1.32258E-002	1.13210E-004	...........	-327.63
	112	28.25	1.32129E-002	1.32029E-002	1.13676E-004	...........	-327.63
	113	28.5	1.32133E-002	1.32247E-002	1.16410E-004	...........	-327.63
	114	28.75	1.32137E-002	1.32027E-002	1.11410E-004	...........	-327.63
	115	29	1.32138E-002	1.32231E-002	1.20476E-004	...........	-327.63
	116	29.25	1.32137E-002	1.32038E-002	1.16010E-004	...........	-327.63
	117	29.5	1.32136E-002	1.32271E-002	1.13410E-004	...........	-327.63
	118	29.75	1.32138E-002	1.32065E-002	1.11943E-004	...........	-327.63
	119	30	1.32146E-002	1.32272E-002	1.20476E-004	...........	-327.63
	120	30.25	1.32156E-002	1.32063E-002	1.14343E-004	...........	-327.63
	121	30.5	1.32163E-002	1.32289E-002	1.19810E-004	...........	-327.63
	122	30.75	1.32169E-002	1.32096E-002	1.19543E-004	...........	-327.63
	123	31	1.32176E-002	1.32345E-002	1.13610E-004	...........	-327.63
	124	31.25	1.32188E-002	1.32128E-002	1.21943E-004	...........	-327.63
	125	31.5	1.32205E-002	1.32389E-002	1.23210E-004	...........	-327.63
	126	31.75	1.32225E-002	1.32149E-002	1.11743E-004	...........	-327.63
	127	32	1.32244E-002	1.32423E-002	1.18610E-004	...........	-327.63
	128	32.25	1.32261E-002	1.32185E-002	1.21743E-004	...........	-327.63
	129	32.5	1.32278E-002	1.32468E-002	1.23076E-004	...........	-327.63
	130	32.75	1.32296E-002	1.32239E-002	1.22876E-004	...........	-327.63
	131	33	1.32316E-002	1.32530E-002	1.28010E-004	...........	-327.63
	132	33.25	1.32340E-002	1.32268E-002	1.22276E-004	...........	-327.63
	133	33.5	1.32364E-002	1.32565E-002	1.24610E-004	...........	-327.63
	134	33.75	1.32386E-002	1.32281E-002	1.21543E-004	...........	-327.63
	135	34	1.32403E-002	1.32570E-002	1.25743E-004	...........	-327.63
	136	34.25	1.32416E-002	1.32330E-002	1.29343E-004	...........	-327.63
	137	34.5	1.32427E-002	1.32561E-002	1.27343E-004	...........	-327.63
	138	34.75	1.32436E-002	1.32336E-002	1.22810E-004	...........	-327.63
	139	35	1.32444E-002	1.32631E-002	1.30343E-004	...........	-327.63
	140	35.25	1.32454E-002	1.32362E-002	1.27876E-004	...........	-327.63
	141	35.5	1.32467E-002	1.32634E-002	1.20810E-004	...........	-327.63
	142	35.75	1.32482E-002	1.32389E-002	1.21210E-004	...........	-327.63
	143	36	1.32495E-002	1.32669E-002	1.23210E-004	...........	-327.63
	144	36.25	1.32506E-002	1.32384E-002	1.28876E-004	...........	-327.63
	145	36.5	1.32516E-002	1.32666E-002	1.20210E-004	...........	-327.63
	146	36.75	1.32523E-002	1.32411E-002	1.26476E-004	...........	-327.63
	147	37	1.32529E-002	1.32728E-002	1.30543E-004	...........	-327.63
	148	37.25	1.32540E-002	1.32493E-002	1.23343E-004	...........	-327.63
	149	37.5	1.32560E-002	1.32782E-002	1.19210E-004	...........	-327.63
	150	37.75	1.32586E-002	1.32495E-002	1.19676E-004	...........	-327.63
	151	38	1.32610E-002	1.32720E-002	1.17943E-004	...........	-327.63
	152	38.25	1.32622E-002	1.32455E-002	1.26543E-004	...........	-327.63
	153	38.5	1.32619E-002	1.32760E-002	1.21943E-004	...........	-327.63
	154	38.75	1.32611E-002	1.32509E-002	1.19476E-004	...........	-327.63
	155	39	1.32611E-002	1.32809E-002	1.25076E-004	...........	-327.63
	156	39.25	1.32623E-002	1.32544E-002	1.21476E-004	...........	-327.63
	157	39.5	1.32642E-002	1.32839E-002	1.25343E-004	...........	-327.63
	158	39.75	1.32662E-002	1.32577E-002	1.23543E-004	...........	-327.63
	159	40	1.32681E-002	1.32860E-002	1.31743E-004	...........	-327.63
	160	40.25	1.32697E-002	1.32569E-002	1.27276E-004	...........	-327.63
	161	40.5	1.32708E-002	1.32846E-002	1.20743E-004	...........	-327.63
	162	40.75	1.32713E-002	1.32604E-002	1.22943E-004	...........	-327.63
	163	41	1.32716E-002	1.32861E-002	1.36743E-004	...........	-327.63
	164	41.25	1.32720E-002	1.32632E-002	1.29276E-004	...........	-327.63
	165	41.5	1.32729E-002	1.32904E-002	1.34010E-004	...........	-327.63
	166	41.75	1.32740E-002	1.32629E-002	1.20210E-004	...........	-327.63
	167	42	1.32752E-002	1.32886E-002	1.26410E-004	...........	-327.63
	168	42.25	1.32760E-002	1.32683E-002	1.35343E-004	...........	-327.63
	169	42.5	1.32767E-002	1.32912E-002	1.29410E-004	...........	-327.63
	170	42.75	1.32776E-002	1.32714E-002	1.29810E-004	...........	-327.63
	171	43	1.32789E-002	1.32944E-002	1.32076E-004	...........	-327.63
	172	43.25	1.32805E-002	1.32780E-002	1.30410E-004	...........	-327.63
	173	43.5	1.32822E-002	1.32939E-002	1.27543E-004	...........	-327.63
	174	43.75	1.32841E-002	1.32842E-002	1.27143E-004	...........	-327.63
	175	44	1.32860E-002	1.33037E-002	1.34076E-004	...........	-327.63
	176	44.25	1.32884E-002	1.32917E-002	1.33876E-004	...........	-327.63
	177	44.5	1.32913E-002	1.32964E-002	1.25010E-004	...........	-327.63
	178	44.75	1.32937E-002	1.32929E-002	1.21343E-004	...........	-327.63
	179	45	1.32948E-002	1.32963E-002	1.22143E-004	...........	-327.63
	180	45.25	1.32949E-002	1.32875E-002	1.27610E-004	...........	-327.63
	181	45.5	1.32942E-002	1.32944E-002	1.20743E-004	...........	-327.63
	182	45.75	1.32934E-002	1.32958E-002	1.22543E-004	...........	-327.63
	183	46	1.32930E-002	1.32982E-002	1.22876E-004	...........	-327.63
	184	46.25	1.32938E-002	1.33010E-002	1.29676E-004	...........	-327.63
	185	46.5	1.32955E-002	1.32966E-002	1.19676E-004	...........	-327.63
	186	46.75	1.32974E-002	1.33065E-002	1.22010E-004	...........	-327.63
	187	47	1.32989E-002	1.32936E-002	1.30010E-004	...........	-327.63
	188	47.25	1.32999E-002	1.33095E-002	1.29610E-004	...........	-327.63
	189	47.5	1.33006E-002	1.32941E-002	1.28010E-004	...........	-327.63
	190	47.75	1.33011E-002	1.33097E-002	1.29676E-004	...........	-327.63
	191	48	1.33015E-002	1.32946E-002	1.28276E-004	...........	-327.63
	192	48.25	1.33019E-002	1.33147E-002	1.27743E-004	...........	-327.63
	193	48.5	1.33024E-002	1.32923E-002	1.27410E-004	...........	-327.63
	194	48.75	1.33031E-002	1.33170E-002	1.23010E-004	...........	-327.63
	195	49	1.33037E-002	1.32926E-002	1.27876E-004	...........	-327.63
	196	49.25	1.33043E-002	1.33195E-002	1.39143E-004	...........	-327.63
	197	49.5	1.33048E-002	1.32913E-002	1.30210E-004	...........	-327.63
	198	49.75	1.33053E-002	1.33237E-002	1.23610E-004	...........	-327.63
	199	50	1.33060E-002	1.32964E-002	1.21610E-004	...........	-327.63
	200	50.25	1.33071E-002	1.33300E-002	1.37343E-004	...........	-327.63
	201	50.5	1.33089E-002	1.32970E-002	1.28343E-004	...........	-327.63
	202	50.75	1.33109E-002	1.33302E-002	1.23743E-004	...........	-327.63
	203	51	1.33124E-002	1.32991E-002	1.28476E-004	...........	-327.63
	204	51.25	1.33136E-002	1.33360E-002	1.31276E-004	...........	-327.63
	205	51.5	1.33148E-002	1.33043E-002	1.25410E-004	...........	-327.63
	206	51.75	1.33163E-002	1.33327E-002	1.20143E-004	...........	-327.63
	207	52	1.33177E-002	1.33038E-002	1.25276E-004	...........	-327.63
	208	52.25	1.33185E-002	1.33336E-002	1.32810E-004	...........	-327.63
	209	52.5	1.33188E-002	1.33096E-002	1.30476E-004	...........	-327.63
	210	52.75	1.33191E-002	1.33247E-002	1.21876E-004	...........	-327.63
	211	53	1.33193E-002	1.33158E-002	1.28210E-004	...........	-327.63
	212	53.25	1.33194E-002	1.33298E-002	1.30943E-004	...........	-327.63
	213	53.5	1.33201E-002	1.33198E-002	1.23676E-004	...........	-327.63
	214	53.75	1.33214E-002	1.33277E-002	1.28076E-004	...........	-327.63
	215	54	1.33228E-002	1.33251E-002	1.30276E-004	...........	-327.63
	216	54.25	1.33241E-002	1.33266E-002	1.32676E-004	...........	-327.63
	217	54.5	1.33251E-002	1.33321E-002	1.21010E-004	...........	-327.63
	218	54.75	1.33263E-002	1.33247E-002	1.16743E-004	...........	-327.63
	219	55	1.33274E-002	1.33342E-002	1.26943E-004	...........	-327.63
	220	55.25	1.33282E-002	1.33196E-002	1.28943E-004	...........	-327.63
	221	55.5	1.33286E-002	1.33432E-002	1.28610E-004	...........	-327.63
	222	55.75	1.33290E-002	1.33232E-002	1.20610E-004	...........	-327.63
	223	56	1.33301E-002	1.33468E-002	1.24876E-004	...........	-327.63
	224	56.25	1.33318E-002	1.33245E-002	1.27543E-004	...........	-327.63
	225	56.5	1.33336E-002	1.33538E-002	1.31543E-004	...........	-327.63
	226	56.75	1.33355E-002	1.33281E-002	1.25076E-004	...........	-327.63
	227	57	1.33375E-002	1.33553E-002	1.27410E-004	...........	-327.63
	228	57.25	1.33393E-002	1.33272E-002	1.29743E-004	...........	-327.63
	229	57.5	1.33406E-002	1.33594E-002	1.29276E-004	...........	-327.63
	230	57.75	1.33416E-002	1.33285E-002	1.18143E-004	...........	-327.63
	231	58	1.33425E-002	1.33621E-002	1.29343E-004	...........	-327.63
	232	58.25	1.33434E-002	1.33283E-002	1.30343E-004	...........	-327.63
	233	58.5	1.33442E-002	1.33601E-002	1.26476E-004	...........	-327.63
	234	58.75	1.33448E-002	1.33341E-002	1.20743E-004	...........	-327.63
	235	59	1.33452E-002	1.33574E-002	1.27476E-004	...........	-327.63
	236	59.25	1.33456E-002	1.33347E-002	1.29143E-004	...........	-327.63
	237	59.5	1.33459E-002	1.33577E-002	1.27410E-004	...........	-327.63
	238	59.75	1.33462E-002	1.33382E-002	1.19943E-004	...........	-327.63
	239	60	1.33464E-002	1.33551E-002	1.30476E-004	...........	-327.63
	240	60.25	1.33469E-002	1.33448E-002	1.42076E-004	...........	-327.63
	241	60.5	1.33476E-002	1.33567E-002	1.31876E-004	...........	-327.63
	242	60.75	1.33487E-002	1.33503E-002	1.29476E-004	...........	-327.63
	243	61	1.33502E-002	1.33566E-002	1.30743E-004	...........	-327.63
	244	61.25	1.33517E-002	1.33549E-002	1.34010E-004	...........	-327.63
	245	61.5	1.33531E-002	1.33496E-002	1.31810E-004	...........	-327.63
	246	61.75	1.33538E-002	1.33589E-002	1.23410E-004	...........	-327.63
	247	62	1.33541E-002	1.33545E-002	1.31010E-004	...........	-327.63
	248	62.25	1.33546E-002	1.33635E-002	1.26410E-004	...........	-327.63
	249	62.5	1.33556E-002	1.33518E-002	1.30810E-004	...........	-327.63
	250	62.75	1.33568E-002	1.33642E-002	1.30676E-004	...........	-327.63
	251	63	1.33576E-002	1.33516E-002	1.29810E-004	...........	-327.63
	252	63.25	1.33580E-002	1.33695E-002	1.34210E-004	...........	-327.63
	253	63.5	1.33585E-002	1.33493E-002	1.24543E-004	...........	-327.63
	254	63.75	1.33591E-002	1.33734E-002	1.24010E-004	...........	-327.63
	255	64	1.33598E-002	1.33487E-002	1.22610E-004	...........	-327.63
	256	64.25	1.33604E-002	1.33766E-002	1.25876E-004	...........	-327.63
	257	64.5	1.33612E-002	1.33558E-002	1.26210E-004	...........	-327.63
	258	64.75	1.33626E-002	1.33822E-002	1.29076E-004	...........	-327.63
	259	65	1.33645E-002	1.33556E-002	1.27410E-004	...........	-327.63
	260	65.25	1.33666E-002	1.33854E-002	1.33943E-004	...........	-327.63
	261	65.5	1.33683E-002	1.33561E-002	1.22943E-004	...........	-327.63
	262	65.75	1.33695E-002	1.33853E-002	1.24943E-004	...........	-327.63
	263	66	1.33703E-002	1.33567E-002	1.19743E-004	...........	-327.63
	264	66.25	1.33707E-002	1.33881E-002	1.26743E-004	...........	-327.63
	265	66.5	1.33710E-002	1.33495E-002	1.23810E-004	...........	-327.63
	266	66.75	1.33710E-002	1.33923E-002	1.19676E-004	...........	-327.63
	267	67	1.33709E-002	1.33586E-002	1.28210E-004	...........	-327.63
	268	67.25	1.33714E-002	1.33904E-002	1.28210E-004	...........	-327.63
	269	67.5	1.33726E-002	1.33576E-002	1.20143E-004	...........	-327.63
	270	67.75	1.33736E-002	1.33887E-002	1.19543E-004	...........	-327.63
	271	68	1.33740E-002	1.33602E-002	1.30943E-004	...........	-327.63
	272	68.25	1.33741E-002	1.33913E-002	1.32210E-004	...........	-327.63
	273	68.5	1.33744E-002	1.33607E-002	1.18476E-004	...........	-327.63
	274	68.75	1.33748E-002	1.33866E-002	1.18010E-004	...........	-327.63
	275	69	1.33750E-002	1.33611E-002	1.17143E-004	...........	-327.63
	276	69.25	1.33749E-002	1.33943E-002	1.24943E-004	...........	-327.63
	277	69.5	1.33751E-002	1.33640E-002	1.23410E-004	...........	-327.63
	278	69.75	1.33761E-002	1.33959E-002	1.26676E-004	...........	-327.63
	279	70	1.33775E-002	1.33614E-002	1.25410E-004	...........	-327.63
	280	70.25	1.33786E-002	1.33956E-002	1.28343E-004	...........	-327.63
	281	70.5	1.33791E-002	1.33692E-002	1.24410E-004	...........	-327.63
	282	70.75	1.33797E-002	1.33984E-002	1.23076E-004	...........	-327.63
	283	71	1.33809E-002	1.33739E-002	1.25676E-004	...........	-327.63
	284	71.25	1.33826E-002	1.33990E-002	1.33410E-004	...........	-327.63
	285	71.5	1.33844E-002	1.33745E-002	1.20610E-004	...........	-327.63
	286	71.75	1.33858E-002	1.34048E-002	1.25410E-004	...........	-327.63
	287	72	1.33870E-002	1.33775E-002	1.26476E-004	...........	-327.63
	288	72.25	1.33884E-002	1.34038E-002	1.26810E-004	...........	-327.63
	289	72.5	1.33896E-002	1.33767E-002	1.22810E-004	...........	-327.63
	290	72.75	1.33903E-002	1.34064E-002	1.23676E-004	...........	-327.63
	291	73	1.33907E-002	1.33731E-002	1.24543E-004	...........	-327.63
	292	73.25	1.33907E-002	1.34048E-002	1.33210E-004	...........	-327.63
	293	73.5	1.33903E-002	1.33757E-002	1.23210E-004	...........	-327.63
	294	73.75	1.33900E-002	1.34063E-002	1.24876E-004	...........	-327.63
	295	74	1.33901E-002	1.33775E-002	1.33676E-004	...........	-327.63
	296	74.25	1.33906E-002	1.34113E-002	1.34743E-004	...........	-327.63
	297	74.5	1.33917E-002	1.33820E-002	1.22876E-004	...........	-327.63
	298	74.75	1.33932E-002	1.34113E-002	1.28343E-004	...........	-327.63
	299	75	1.33948E-002	1.33826E-002	1.27676E-004	...........	-327.63
	300	75.25	1.33960E-002	1.34142E-002	1.40543E-004	...........	-327.63
	301	75.5	1.33969E-002	1.33835E-002	1.29010E-004	...........	-327.63
	302	75.75	1.33977E-002	1.34154E-002	1.30343E-004	...........	-327.63
	303	76	1.33985E-002	1.33878E-002	1.32743E-004	...........	-327.63
	304	76.25	1.33994E-002	1.34196E-002	1.39810E-004	...........	-327.63
	305	76.5	1.34008E-002	1.33900E-002	1.34143E-004	...........	-327.63
	306	76.75	1.34023E-002	1.34199E-002	1.32076E-004	...........	-327.63
	307	77	1.34036E-002	1.33899E-002	1.27543E-004	...........	-327.63
	308	77.25	1.34045E-002	1.34203E-002	1.37610E-004	...........	-327.63
	309	77.5	1.34050E-002	1.33949E-002	1.23143E-004	...........	-327.63
	310	77.75	1.34056E-002	1.34211E-002	1.26676E-004	...........	-327.63
	311	78	1.34065E-002	1.33984E-002	1.42143E-004	...........	-327.63
	312	78.25	1.34076E-002	1.34258E-002	1.33010E-004	...........	-327.63
	313	78.5	1.34090E-002	1.33950E-002	1.23476E-004	...........	-327.63
	314	78.75	1.34100E-002	1.34244E-002	1.37543E-004	...........	-327.63
	315	79	1.34106E-002	1.34028E-002	1.33143E-004	...........	-327.63
	316	79.25	1.34111E-002	1.34220E-002	1.34076E-004	...........	-327.63
	317	79.5	1.34117E-002	1.34060E-002	1.26610E-004	...........	-327.63
	318	79.75	1.34125E-002	1.34241E-002	1.27076E-004	...........	-327.63
	319	80	1.34135E-002	1.34114E-002	1.28143E-004	...........	-327.63
	320	80.25	1.34147E-002	1.34261E-002	1.32343E-004	...........	-327.63
	321	80.5	1.34162E-002	1.34141E-002	1.32010E-004	...........	-327.63
	322	80.75	1.34176E-002	1.34205E-002	1.28876E-004	...........	-327.63
	323	81	1.34183E-002	1.34107E-002	1.29876E-004	...........	-327.63
	324	81.25	1.34180E-002	1.34193E-002	1.31076E-004	...........	-327.63
	325	81.5	1.34171E-002	1.34160E-002	1.26143E-004	...........	-327.63
	326	81.75	1.34165E-002	1.34199E-002	1.32476E-004	...........	-327.63
	327	82	1.34167E-002	1.34197E-002	1.29943E-004	...........	-327.63
	328	82.25	1.34175E-002	1.34195E-002	1.39410E-004	...........	-327.63
	329	82.5	1.34186E-002	1.34253E-002	1.33676E-004	...........	-327.63
	330	82.75	1.34197E-002	1.34166E-002	1.29143E-004	...........	-327.63
	331	83	1.34207E-002	1.34314E-002	1.34943E-004	...........	-327.63
	332	83.25	1.34217E-002	1.34199E-002	1.40343E-004	...........	-327.63
	333	83.5	1.34229E-002	1.34313E-002	1.40010E-004	...........	-327.63
	334	83.75	1.34242E-002	1.34200E-002	1.34010E-004	...........	-327.63
	335	84	1.34252E-002	1.34369E-002	1.40476E-004	...........	-327.63
	336	84.25	1.34261E-002	1.34200E-002	1.40876E-004	...........	-327.63
	337	84.5	1.34271E-002	1.34401E-002	1.28143E-004	...........	-327.63
	338	84.75	1.34282E-002	1.34224E-002	1.23010E-004	...........	-327.63
	339	85	1.34293E-002	1.34429E-002	1.28276E-004	...........	-327.63
	340	85.25	1.34305E-002	1.34246E-002	1.29676E-004	...........	-327.63
	341	85.5	1.34318E-002	1.34467E-002	1.26543E-004	...........	-327.63
	342	85.75	1.34332E-002	1.34249E-002	1.25076E-004	...........	-327.63
	343	86	1.34344E-002	1.34492E-002	1.35410E-004	...........	-327.63
	344	86.25	1.34354E-002	1.34241E-002	1.29810E-004	...........	-327.63
	345	86.5	1.34362E-002	1.34515E-002	1.29143E-004	...........	-327.63
	346	86.75	1.34368E-002	1.34255E-002	1.34543E-004	...........	-327.63
	347	87	1.34373E-002	1.34496E-002	1.35010E-004	...........	-327.63
	348	87.25	1.34377E-002	1.34252E-002	1.36010E-004	...........	-327.63
	349	87.5	1.34379E-002	1.34550E-002	1.34476E-004	...........	-327.63
	350	87.75	1.34382E-002	1.34275E-002	1.29143E-004	...........	-327.63
	351	88	1.34391E-002	1.34560E-002	1.32743E-004	...........	-327.63
	352	88.25	1.34401E-002	1.34242E-002	1.31276E-004	...........	-327.63
	353	88.5	1.34407E-002	1.34568E-002	1.29010E-004	...........	-327.63
	354	88.75	1.34409E-002	1.34299E-002	1.31143E-004	...........	-327.63
	355	89	1.34413E-002	1.34580E-002	1.33410E-004	...........	-327.63
	356	89.25	1.34420E-002	1.34270E-002	1.43143E-004	...........	-327.63
	357	89.5	1.34427E-002	1.34589E-002	1.30276E-004	...........	-327.63
	358	89.75	1.34430E-002	1.34295E-002	1.30476E-004	...........	-327.63
	359	90	1.34433E-002	1.34607E-002	1.31343E-004	...........	-327.63
	360	90.25	1.34438E-002	1.34328E-002	1.37343E-004	...........	-327.63
	361	90.5	1.34447E-002	1.34637E-002	1.30543E-004	...........	-327.63
	362	90.75	1.34460E-002	1.34363E-002	1.25676E-004	...........	-327.63
	363	91	1.34474E-002	1.34649E-002	1.39276E-004	...........	-327.63
	364	91.25	1.34488E-002	1.34384E-002	1.36076E-004	...........	-327.63
	365	91.5	1.34500E-002	1.34651E-002	1.34076E-004	...........	-327.63
	366	91.75	1.34508E-002	1.34349E-002	1.27476E-004	...........	-327.63
	367	92	1.34512E-002	1.34700E-002	1.36143E-004	...........	-327.63
	368	92.25	1.34514E-002	1.34351E-002	1.34476E-004	...........	-327.63
	369	92.5	1.34517E-002	1.34709E-002	1.28343E-004	...........	-327.63
	370	92.75	1.34523E-002	1.34424E-002	1.29876E-004	...........	-327.63
	371	93	1.34534E-002	1.34729E-002	1.34476E-004	...........	-327.63
	372	93.25	1.34548E-002	1.34408E-002	1.40410E-004	...........	-327.63
	373	93.5	1.34560E-002	1.34709E-002	1.34010E-004	...........	-327.63
	374	93.75	1.34567E-002	1.34439E-002	1.32076E-004	...........	-327.63
	375	94	1.34569E-002	1.34734E-002	1.36676E-004	...........	-327.63
	376	94.25	1.34572E-002	1.34426E-002	1.39610E-004	...........	-327.63
	377	94.5	1.34577E-002	1.34749E-002	1.33676E-004	...........	-327.63
	378	94.75	1.34581E-002	1.34452E-002	1.33343E-004	...........	-327.63
	379	95	1.34587E-002	1.34737E-002	1.36543E-004	...........	-327.63
	380	95.25	1.34592E-002	1.34460E-002	1.33143E-004	...........	-327.63
	381	95.5	1.34596E-002	1.34774E-002	1.29610E-004	...........	-327.63
	382	95.75	1.34602E-002	1.34500E-002	1.33876E-004	...........	-327.63
	383	96	1.34610E-002	1.34714E-002	1.32743E-004	...........	-327.63
	384	96.25	1.34616E-002	1.34513E-002	1.36876E-004	...........	-327.63
	385	96.5	1.34620E-002	1.34821E-002	1.29876E-004	...........	-327.63
	386	96.75	1.34627E-002	1.34549E-002	1.28210E-004	...........	-327.63
	387	97	1.34643E-002	1.34793E-002	1.33676E-004	...........	-327.63
	388	97.25	1.34660E-002	1.34542E-002	1.31410E-004	...........	-327.63
	389	97.5	1.34669E-002	1.34817E-002	1.36810E-004	...........	-327.63
	390	97.75	1.34674E-002	1.34571E-002	1.31076E-004	...........	-327.63
	391	98	1.34678E-002	1.34799E-002	1.36143E-004	...........	-327.63
	392	98.25	1.34684E-002	1.34629E-002	1.39076E-004	...........	-327.63
	393	98.5	1.34692E-002	1.34828E-002	1.37410E-004	...........	-327.63
	394	98.75	1.34703E-002	1.34648E-002	1.33210E-004	...........	-327.63
	395	99	1.34716E-002	1.34816E-002	1.37476E-004	...........	-327.63
	396	99.25	1.34727E-002	1.34688E-002	1.40410E-004	...........	-327.63
	397	99.5	1.34736E-002	1.34816E-002	1.31476E-004	...........	-327.63
	398	99.75	1.34743E-002	1.34705E-002	1.31876E-004	...........	-327.63
	399	100	1.34750E-002	1.34816E-002	1.31543E-004	...........	-327.63
EOC	QUANT	0.013475	Open Circuit (V)
PSTATMODEL	IQUANT	5	Pstat Model
PSTATSECTION	LABEL	REF3000-20110	Pstat Section
PSTATSERIALNO	LABEL	20110	Pstat Serial Number
CTRLMODE	IQUANT	0	Control Mode
ELECTROMETER	IQUANT	0	RE=0 or CS=1
IESTAB	IQUANT	0	I/E Stability
CASPEED	IQUANT	4	Control Amp Speed
CONVENTION	IQUANT	1	Current Convention
ICHRANGE	IQUANT	2	Ich Range
ICHRANGEMODE	TOGGLE	F	Ich Auto Range
ICHOFFSETENABLE	TOGGLE	T	Ich Offset Enable
ICHOFFSET	QUANT	0	Ich Offset (V)
ICHFILTER	IQUANT	3	Ich Filter
VCHRANGE	IQUANT	2	Vch Range
VCHRANGEMODE	TOGGLE	F	Vch Auto Range
VCHOFFSETENABLE	TOGGLE	T	Vch Offset Enable
VCHOFFSET	QUANT	0	Vch Offset (V)
VCHFILTER	IQUANT	3	Vch Filter
ACHRANGE	IQUANT	2	Ach Range
ACHOFFSETENABLE	TOGGLE	F	Ach Offset Enable
ACHOFFSET	QUANT	0	Ach Offset (V)
ACHFILTER	IQUANT	1	Ach Filter
IERANGELOWERLIMIT	IQUANT	2	I/E Range Lower Limit
IERANGEMODE	TOGGLE	F	I/E AutoRange
IERANGE	IQUANT	11	I/E Range
POSFEEDENABLE	TOGGLE	F	Positive Feedback IR Comp
POSFEEDRESISTANCE	QUANT	0	Positive Feedback Resistance (ohm)
ACHSELECT	IQUANT	4	Ach Select
SENSECABLEID	IQUANT	14	Sense Cable ID
PWRCABLEID	IQUANT	7	Power Cable ID
DCCALDATE	LABEL	8/9/2022	DC Calibration Date
ACCALDATE	LABEL	8/9/2022	AC Calibration Date
THERMOSELECT	IQUANT	1	Thermo Select
FRAMEWORKVERSION	LABEL	7.9.0	Framework Version
INSTRUMENTVERSION	LABEL	4.60	Instrument Version
COMPLIANCEVOLTAGE	IQUANT	0	Compliance Voltage
ZCURVE	TABLE
	Pt	Time	Freq	Zreal	Zimag	Zsig	Zmod	Zphz	Idc	Vdc	IERange
	#	s	Hz	ohm	ohm	V	ohm	°	A	V	#
	0	5	100078.1	2.315073	-0.4462602	1	2.357692	-10.91068	-1.838612E-006	0.0112061	9
	1	7	79453.13	2.311305	-0.3604237	1	2.339238	-8.863291	-2.630641E-006	0.0152072	9
	2	8	63140.62	2.315836	-0.2982053	1	2.334957	-7.33748	-2.501673E-006	0.0163579	9
	3	10	50203.12	2.299013	-0.2501182	1	2.312579	-6.209002	-2.115043E-006	0.0164307	9
	4	11	39890.62	2.316107	-0.2041194	1	2.325084	-5.036488	-2.404721E-006	0.0154805	9
	5	13	31640.63	2.323722	-0.1639163	1	2.329496	-4.034984	-2.26984E-006	0.0169389	9
	6	14	25171.88	2.314932	-0.1422286	1	2.319297	-3.515812	-2.757328E-006	0.0106649	9
	7	15	20015.62	2.326556	-0.1275444	1	2.33005	-3.137879	-2.363651E-006	0.0154992	9
	8	17	15890.62	2.33139	-0.1111273	1	2.334037	-2.728976	-2.59683E-006	0.0126186	9
	9	18	12609.38	2.33577	-0.1127563	1	2.33849	-2.763735	-2.902179E-006	0.0103328	9
	10	20	10078.13	2.334423	-0.1133196	1	2.337172	-2.779121	-2.574411E-006	0.0122509	9
	11	21	8015.625	2.354696	-0.1010526	1	2.356863	-2.457361	-3.003127E-006	0.0122033	9
	12	23	6328.125	2.354494	-0.0985587	1	2.356556	-2.396992	-2.830628E-006	0.0104698	9
	13	24	5015.625	2.365418	-0.1067775	1	2.367827	-2.584636	-2.314518E-006	0.0169796	9
	14	25	3984.375	2.378542	-0.1184488	1	2.38149	-2.850911	-2.566102E-006	0.0103514	9
	15	27	3170.956	2.39011	-0.135269	1	2.393934	-3.239218	-2.479571E-006	0.01642	9
	16	28	2527.573	2.399022	-0.1416854	1	2.403202	-3.379942	-2.834303E-006	0.015264	9
	17	30	1976.103	2.409664	-0.1570794	1	2.414778	-3.729677	-2.721918E-006	0.0103719	9
	18	31	1577.524	2.42344	-0.1668268	1	2.429175	-3.937964	-2.672538E-006	0.013713	9
	19	33	1265.625	2.426345	-0.2020112	1	2.43474	-4.759321	-2.825529E-006	0.0112241	9
	20	34	998.264	2.453489	-0.2325804	1	2.464488	-5.415215	-2.675832E-006	0.0137275	9
	21	36	796.875	2.467683	-0.2788584	1	2.483389	-6.447309	-2.397208E-006	0.0155365	9
	22	37	627.7902	2.476228	-0.3173615	1	2.496482	-7.3034	-3.014851E-006	0.0152614	9
	23	38	505.5147	2.516011	-0.3696265	1	2.543017	-8.357522	-2.475465E-006	0.0135498	9
	24	40	397.9953	2.550634	-0.4410107	1	2.588479	-9.80959	-2.447521E-006	0.0135521	9
	25	41	315.5048	2.594141	-0.5248099	1	2.646694	-11.43691	-2.85009E-006	0.0135653	9
	26	43	252.4038	2.647811	-0.6178893	1	2.718951	-13.13539	-2.487667E-006	0.0135701	9
	27	44	198.6229	2.725573	-0.7354472	1	2.823054	-15.10061	-2.855846E-006	0.0135625	9
	28	45	158.3615	2.822262	-0.8589322	1	2.950072	-16.9272	-2.47544E-006	0.0135426	9
	29	47	125.558	2.951788	-0.99411	1	3.114692	-18.61261	-2.496989E-006	0.0135665	9
	30	48	100.4464	3.109271	-1.128741	1	3.307812	-19.95213	-2.493405E-006	0.0135621	9
	31	50	79.00281	3.312166	-1.255635	1	3.542184	-20.76161	-2.474587E-006	0.0135649	9
	32	51	63.3446	3.538156	-1.356516	1	3.789285	-20.97664	-2.748116E-006	0.0135394	9
	33	53	50.22321	3.767896	-1.352246	1	4.0032	-19.74236	-2.47328E-006	0.0135575	9
	34	54	38.42213	4.101041	-1.48474	1	4.361536	-19.90227	-2.459504E-006	0.0134961	9
	35	56	31.25	4.344248	-1.476795	1	4.5884	-18.77508	-2.553092E-006	0.0134296	9
	36	57	24.93351	4.585176	-1.435072	1	4.804505	-17.37912	-2.489511E-006	0.0134675	9
	37	59	19.86229	4.804961	-1.354295	1	4.99217	-15.74068	-2.57859E-006	0.0135275	9
	38	60	15.625	5.009997	-1.311011	1	5.178689	-14.66428	-2.472782E-006	0.0134648	9
	39	61	12.40079	5.192416	-1.244799	1	5.339541	-13.48132	-2.463367E-006	0.0133989	9
	40	63	9.93114	5.364367	-1.213192	1	5.499842	-12.7435	-2.532121E-006	0.0132713	9
	41	64	7.944915	5.471237	-1.119747	1	5.584645	-11.56647	-2.682473E-006	0.0134098	9
	42	66	6.317385	5.590002	-1.067938	1	5.6911	-10.8157	-1.970593E-006	0.0134355	9
	43	68	5.008013	5.705097	-1.030812	1	5.797474	-10.24186	-2.593747E-006	0.0133997	9
	44	70	3.945707	5.808353	-0.996086	1	5.893145	-9.73111	-2.709582E-006	0.0134425	9
	45	73	3.158693	5.957252	-1.016263	1	6.043314	-9.68105	-1.834541E-006	0.0132681	9
	46	76	2.504006	6.020641	-0.965729	1	6.097602	-9.112793	-2.821565E-006	0.0134012	9
	47	79	1.998082	6.107704	-0.95035	1	6.181198	-8.844219	-2.338945E-006	0.0133733	9
	48	84	1.584686	6.262494	-0.979862	1	6.338687	-8.892691	-5.315123E-007	0.0132822	9
	49	89	1.266892	6.342334	-0.971439	1	6.416299	-8.70817	-1.551466E-006	0.0133906	9
	50	96	0.999041	6.588809	-1.04731	1	6.671527	-9.031766	-2.995436E-006	0.0130822	9
